1000000	1
1000008	2
1000016	3
1000024	4
1000032	5
1000040	6
1000048	7
1000056	8
1000064	9
1000072	10
1000088	11
1000096	12
1000104	13
1000112	14
1000120	15
1000129	16
1000137	17
1000145	18
1000153	19
1000161	20
1000169	21
1000177	22
1000185	23
1000193	24
1000201	25
1000209	26
1000217	27
1000226	28
1000234	29
1000242	30
1000250	31
1000258	32
1000266	33
1000274	34
1000282	35
1000290	36
1000298	37
1000306	38
1000314	39
1000323	40
1000331	41
1000339	42
1000347	43
1000355	44
1000363	45
1000371	46
1000379	47
1000387	48
1000395	49
1000403	50
1000411	51
1000420	52
1000428	53
1000436	54
1000444	55
1000452	56
1000460	57
1000468	58
1000476	59
1000484	60
1000492	61
1000500	62
1000508	63
1000517	64
1000525	65
1000533	66
1000541	67
1000549	68
1000557	69
1000565	70
1000573	71
1000581	72
1000589	73
1000597	74
1000605	75
1000614	76
1000622	77
1000630	78
1000638	79
1000646	80
1000654	81
1000662	82
1000670	83
1000678	84
1000686	85
1000694	86
1000702	87
1000711	88
1000719	89
1000727	90
1000735	91
1000743	92
1000751	93
1000759	94
1000767	95
1000775	96
1000783	97
1000791	98
1000799	99
1000808	100
1000816	101
1000824	102
1000832	103
1000840	104
1000848	105
1000856	106
1000864	107
1000872	108
1000880	109
1000888	110
1000896	111
1000905	112
1000913	113
1000921	114
1000929	115
1000937	116
1000945	117
1000953	118
1000961	119
1000969	120
1000977	121
1000985	122
1000993	123
1001001	124
1001010	125
1001018	126
1001026	127
1001034	128
1001042	129
1001050	130
1001058	131
1001066	132
1001074	133
1001082	134
1001090	135
1001099	136
1001107	137
1001115	138
1001123	139
1001131	140
1001139	141
1001147	142
1001155	143
1001163	144
1001172	145
1001180	146
1001188	147
1001196	148
1001204	149
1001212	150
1001220	151
1001228	152
1001236	153
1001244	154
1001253	155
1001261	156
1001269	157
1001277	158
1001285	159
1001293	160
1001301	161
1001309	162
1001317	163
1001326	164
1001334	165
1001342	166
1001350	167
1001358	168
1001366	169
1001374	170
1001382	171
1001390	172
1001399	173
1001407	174
1001415	175
1001423	176
1001431	177
1001439	178
1001447	179
1001455	180
1001464	181
1001472	182
1001480	183
1001488	184
1001496	185
1001504	186
1001512	187
1001520	188
1001528	189
1001536	190
1001544	191
1001553	192
1001561	193
1001569	194
1001577	195
1001585	196
1001593	197
1001601	198
1001609	199
1001617	200
1001625	201
1001633	202
1001642	203
1001650	204
1001658	205
1001666	206
1001674	207
1001682	208
1001690	209
1001698	210
1001706	211
1001714	212
1001722	213
1001730	214
1001739	215
1001747	216
1001755	217
1001763	218
1001771	219
1001779	220
1001787	221
1001795	222
1001803	223
1001811	224
1001819	225
1001828	226
1001836	227
1001844	228
1001852	229
1001860	230
1001868	231
1001876	232
1001884	233
1001892	234
1001900	235
1001908	236
1001916	237
1001925	238
1001933	239
1001941	240
1001949	241
1001957	242
1001965	243
1001973	244
1001981	245
1001989	246
1001997	247
1002005	248
1002014	249
1002022	250
1002030	251
1002038	252
1002046	253
1002054	254
1002062	255
1002070	256
1002078	257
1002086	258
1002095	259
1002103	260
1002111	261
1002119	262
1002127	263
1002135	264
1002143	265
1002151	266
1002159	267
1002167	268
1002175	269
1002184	270
1002192	271
1002200	272
1002208	273
1002216	274
1002224	275
1002232	276
1002240	277
1002248	278
1002257	279
1002265	280
1002273	281
1002281	282
1002289	283
1002297	284
1002305	285
1002314	286
1002322	287
1002330	288
1002338	289
1002346	290
1002355	291
1002363	292
1002371	293
1002379	294
1002388	295
1002396	296
1002404	297
1002412	298
1002420	299
1002429	300
1002437	301
1002445	302
1002454	303
1002462	304
1002470	305
1002479	306
1002487	307
1002495	308
1002504	309
1002512	310
1002520	311
1002528	312
1002537	313
1002545	314
1002553	315
1002562	316
1002570	317
1002578	318
1002586	319
1002595	320
1002603	321
1002612	322
1002620	323
1002628	324
1002637	325
1002645	326
1002654	327
1002662	328
1002670	329
1002679	330
1002687	331
1002695	332
1002704	333
1002712	334
1002720	335
1002729	336
1002737	337
1002745	338
1002754	339
1002762	340
1002771	341
1002780	342
1002788	343
1002796	344
1002805	345
1002813	346
1002822	347
1002831	348
1002839	349
1002847	350
1002856	351
1002865	352
1002873	353
1002882	354
1002891	355
1002899	356
1002908	357
1002917	358
1002926	359
1002935	360
1002943	361
1002952	362
1002961	363
1002970	364
1002979	365
1002988	366
1002997	367
1003006	368
1003015	369
1003024	370
1003034	371
1003043	372
1003052	373
1003061	374
1003070	375
1003080	376
1003089	377
1003098	378
1003108	379
1003117	380
1003126	381
1003136	382
1003145	383
1003155	384
1003164	385
1003165	192
1003183	193
1003192	194
1003200	195
1003208	196
1003216	197
1003224	198
1003232	199
1003240	200
1003248	201
1003256	202
1003264	203
1003272	204
1003280	205
1003289	206
1003297	207
1003305	208
1003313	209
1003321	210
1003329	211
1003337	212
1003345	213
1003353	214
1003361	215
1003369	216
1003378	217
1003386	218
1003394	219
1003402	220
1003410	221
1003418	222
1003426	223
1003434	224
1003442	225
1003450	226
1003458	227
1003466	228
1003475	229
1003483	230
1003491	231
1003499	232
1003507	233
1003515	234
1003523	235
1003531	236
1003539	237
1003547	238
1003555	239
1003564	240
1003572	241
1003580	242
1003588	243
1003596	244
1003604	245
1003612	246
1003620	247
1003628	248
1003636	249
1003644	250
1003653	251
1003661	252
1003669	253
1003677	254
1003685	255
1003693	256
1003701	257
1003709	258
1003717	259
1003725	260
1003733	261
1003742	262
1003750	263
1003758	264
1003766	265
1003774	266
1003782	267
1003790	268
1003798	269
1003806	270
1003814	271
1003823	272
1003831	273
1003839	274
1003847	275
1003855	276
1003863	277
1003871	278
1003879	279
1003887	280
1003895	281
1003904	282
1003912	283
1003920	284
1003928	285
1003936	286
1003944	287
1003952	288
1003960	289
1003968	290
1003977	291
1003985	292
1003993	293
1004001	294
1004009	295
1004017	296
1004025	297
1004033	298
1004041	299
1004049	300
1004057	301
1004066	302
1004074	303
1004082	304
1004090	305
1004098	306
1004106	307
1004114	308
1004122	309
1004131	310
1004139	311
1004147	312
1004155	313
1004163	314
1004171	315
1004180	316
1004188	317
1004196	318
1004204	319
1004212	320
1004220	321
1004229	322
1004237	323
1004245	324
1004254	325
1004262	326
1004270	327
1004278	328
1004287	329
1004295	330
1004303	331
1004312	332
1004320	333
1004329	334
1004337	335
1004345	336
1004354	337
1004362	338
1004371	339
1004379	340
1004388	341
1004396	342
1004405	343
1004413	344
1004422	345
1004430	346
1004439	347
1004448	348
1004456	349
1004465	350
1004474	351
1004482	352
1004491	353
1004500	354
1004508	355
1004517	356
1004526	357
1004534	358
1004543	359
1004552	360
1004561	361
1004570	362
1004579	363
1004588	364
1004597	365
1004606	366
1004615	367
1004624	368
1004633	369
1004642	370
1004651	371
1004660	372
1004669	373
1004679	374
1004688	375
1004697	376
1004706	377
1004716	378
1004725	379
1004735	380
1004744	381
1004753	382
1004763	383
1004772	384
1004782	385
1004791	386
1004801	387
1004811	388
1004820	389
1004830	390
1004839	391
1004849	392
1004857	196
1004861	197
1004866	198
1004874	199
1004882	200
1004890	201
1004899	202
1004907	203
1004915	204
1004923	205
1004931	206
1004939	207
1004947	208
1004955	209
1004963	210
1004971	211
1004979	212
1004988	213
1004996	214
1005004	215
1005012	216
1005020	217
1005028	218
1005036	219
1005044	220
1005052	221
1005060	222
1005068	223
1005077	224
1005085	225
1005093	226
1005101	227
1005109	228
1005117	229
1005125	230
1005133	231
1005141	232
1005149	233
1005157	234
1005166	235
1005174	236
1005182	237
1005190	238
1005198	239
1005206	240
1005214	241
1005222	242
1005230	243
1005238	244
1005246	245
1005255	246
1005263	247
1005271	248
1005279	249
1005287	250
1005295	251
1005303	252
1005311	253
1005319	254
1005327	255
1005336	256
1005344	257
1005352	258
1005360	259
1005368	260
1005376	261
1005384	262
1005392	263
1005400	264
1005408	265
1005416	266
1005425	267
1005433	268
1005441	269
1005449	270
1005457	271
1005465	272
1005473	273
1005481	274
1005489	275
1005497	276
1005506	277
1005514	278
1005522	279
1005530	280
1005538	281
1005546	282
1005554	283
1005562	284
1005570	285
1005578	286
1005586	287
1005595	288
1005603	289
1005611	290
1005619	291
1005627	292
1005635	293
1005643	294
1005651	295
1005659	296
1005667	297
1005676	298
1005684	299
1005692	300
1005700	301
1005708	302
1005716	303
1005724	304
1005732	305
1005741	306
1005749	307
1005757	308
1005765	309
1005773	310
1005781	311
1005790	312
1005798	313
1005806	314
1005814	315
1005823	316
1005831	317
1005839	318
1005847	319
1005855	320
1005864	321
1005872	322
1005880	323
1005889	324
1005897	325
1005905	326
1005914	327
1005922	328
1005930	329
1005939	330
1005947	331
1005955	332
1005964	333
1005972	334
1005980	335
1005989	336
1005997	337
1006006	338
1006014	339
1006023	340
1006031	341
1006040	342
1006048	343
1006057	344
1006066	345
1006074	346
1006082	347
1006091	348
1006100	349
1006108	350
1006117	351
1006125	352
1006134	353
1006143	354
1006152	355
1006160	356
1006169	357
1006178	358
1006187	359
1006196	360
1006204	361
1006213	362
1006222	363
1006231	364
1006240	365
1006249	366
1006258	367
1006268	368
1006276	369
1006286	370
1006295	371
1006304	372
1006313	373
1006322	374
1006331	375
1006341	376
1006350	377
1006359	378
1006369	379
1006378	380
1006388	381
1006397	382
1006406	383
1006416	384
1006425	385
1006435	386
1006445	387
1006454	388
1006464	389
1006474	390
1006483	391
1006493	392
1006503	393
1006512	394
1006513	197
1006527	198
1006535	199
1006543	200
1006551	201
1006559	202
1006567	203
1006575	204
1006583	205
1006591	206
1006599	207
1006607	208
1006616	209
1006624	210
1006632	211
1006640	212
1006648	213
1006656	214
1006664	215
1006672	216
1006680	217
1006688	218
1006697	219
1006705	220
1006713	221
1006721	222
1006729	223
1006737	224
1006745	225
1006753	226
1006761	227
1006769	228
1006777	229
1006786	230
1006794	231
1006802	232
1006810	233
1006818	234
1006826	235
1006834	236
1006842	237
1006850	238
1006858	239
1006867	240
1006875	241
1006883	242
1006891	243
1006899	244
1006907	245
1006915	246
1006923	247
1006931	248
1006939	249
1006947	250
1006956	251
1006964	252
1006972	253
1006980	254
1006988	255
1006996	256
1007004	257
1007012	258
1007020	259
1007028	260
1007037	261
1007045	262
1007053	263
1007061	264
1007069	265
1007077	266
1007085	267
1007093	268
1007101	269
1007109	270
1007117	271
1007125	272
1007134	273
1007142	274
1007150	275
1007158	276
1007166	277
1007174	278
1007182	279
1007190	280
1007198	281
1007206	282
1007214	283
1007223	284
1007231	285
1007239	286
1007247	287
1007255	288
1007263	289
1007271	290
1007279	291
1007287	292
1007295	293
1007303	294
1007312	295
1007320	296
1007328	297
1007336	298
1007344	299
1007352	300
1007360	301
1007369	302
1007377	303
1007385	304
1007393	305
1007401	306
1007409	307
1007418	308
1007426	309
1007434	310
1007442	311
1007451	312
1007459	313
1007467	314
1007475	315
1007484	316
1007492	317
1007501	318
1007509	319
1007517	320
1007525	321
1007534	322
1007542	323
1007550	324
1007559	325
1007567	326
1007575	327
1007584	328
1007592	329
1007601	330
1007609	331
1007617	332
1007626	333
1007634	334
1007642	335
1007651	336
1007659	337
1007668	338
1007676	339
1007685	340
1007693	341
1007701	342
1007710	343
1007718	344
1007727	345
1007736	346
1007744	347
1007752	348
1007761	349
1007770	350
1007778	351
1007787	352
1007796	353
1007804	354
1007813	355
1007822	356
1007830	357
1007839	358
1007848	359
1007857	360
1007866	361
1007875	362
1007884	363
1007893	364
1007902	365
1007911	366
1007920	367
1007929	368
1007938	369
1007947	370
1007956	371
1007965	372
1007974	373
1007984	374
1007993	375
1008002	376
1008012	377
1008021	378
1008030	379
1008040	380
1008049	381
1008058	382
1008068	383
1008077	384
1008087	385
1008097	386
1008106	387
1008116	388
1008125	389
1008135	390
1008145	391
1008154	392
1008164	196
1008170	197
1008178	198
1008186	199
1008194	200
1008202	201
1008210	202
1008218	203
1008227	204
1008235	205
1008243	206
1008251	207
1008259	208
1008267	209
1008275	210
1008283	211
1008291	212
1008299	213
1008307	214
1008316	215
1008324	216
1008332	217
1008340	218
1008348	219
1008356	220
1008364	221
1008372	222
1008380	223
1008388	224
1008397	225
1008405	226
1008413	227
1008421	228
1008429	229
1008437	230
1008445	231
1008453	232
1008461	233
1008469	234
1008478	235
1008486	236
1008494	237
1008502	238
1008510	239
1008518	240
1008526	241
1008534	242
1008542	243
1008550	244
1008558	245
1008567	246
1008575	247
1008583	248
1008591	249
1008599	250
1008607	251
1008615	252
1008623	253
1008631	254
1008639	255
1008647	256
1008655	257
1008664	258
1008672	259
1008680	260
1008688	261
1008696	262
1008704	263
1008712	264
1008720	265
1008728	266
1008736	267
1008744	268
1008753	269
1008761	270
1008769	271
1008777	272
1008785	273
1008793	274
1008801	275
1008809	276
1008817	277
1008825	278
1008833	279
1008842	280
1008850	281
1008858	282
1008866	283
1008874	284
1008882	285
1008890	286
1008898	287
1008906	288
1008914	289
1008923	290
1008931	291
1008939	292
1008947	293
1008955	294
1008963	295
1008971	296
1008979	297
1008987	298
1008995	299
1009003	300
1009012	301
1009020	302
1009028	303
1009036	304
1009044	305
1009052	306
1009060	307
1009069	308
1009077	309
1009085	310
1009093	311
1009101	312
1009109	313
1009118	314
1009126	315
1009134	316
1009142	317
1009151	318
1009159	319
1009167	320
1009175	321
1009183	322
1009192	323
1009200	324
1009208	325
1009217	326
1009225	327
1009233	328
1009241	329
1009250	330
1009258	331
1009266	332
1009275	333
1009283	334
1009291	335
1009300	336
1009308	337
1009316	338
1009325	339
1009333	340
1009341	341
1009350	342
1009358	343
1009367	344
1009375	345
1009384	346
1009392	347
1009401	348
1009409	349
1009418	350
1009427	351
1009435	352
1009444	353
1009453	354
1009461	355
1009470	356
1009479	357
1009488	358
1009496	359
1009505	360
1009514	361
1009523	362
1009532	363
1009541	364
1009550	365
1009555	182
1009572	183
1009580	184
1009588	185
1009596	186
1009604	187
1009612	188
1009620	189
1009628	190
1009636	191
1009644	192
1009652	193
1009661	194
1009669	195
1009677	196
1009685	197
1009693	198
1009701	199
1009709	200
1009717	201
1009725	202
1009733	203
1009741	204
1009750	205
1009758	206
1009766	207
1009774	208
1009782	209
1009790	210
1009798	211
1009806	212
1009814	213
1009822	214
1009830	215
1009839	216
1009847	217
1009855	218
1009863	219
1009871	220
1009879	221
1009887	222
1009895	223
1009903	224
1009911	225
1009920	226
1009928	227
1009936	228
1009944	229
1009952	230
1009960	231
1009968	232
1009976	233
1009984	234
1009992	235
