1000000	0
1000010	0
1000020	0
1000030	0
1000040	0
1000050	0
1000060	0
1000070	0
1000080	0
1000090	0
1000100	0
1000110	0
1000120	0
1000130	0
1000140	0
1000150	0
1000160	0
1000170	0
1000180	0
1000190	0
1000200	0
1000210	0
1000220	0
1000230	0
1000240	0
1000250	0
1000260	0
1000270	0
1000280	0
1000290	0
1000300	0
1000310	0
1000320	0
1000330	0
1000340	0
1000350	0
1000360	0
1000370	0
1000380	0
1000390	0
1000400	0
1000410	0
1000420	0
1000430	0
1000440	0
1000450	0
1000460	0
1000470	0
1000480	0
1000490	0
1000500	0
1000510	0
1000520	0
1000530	0
1000540	0
1000550	0
1000560	0
1000570	0
1000580	0
1000590	0
1000600	0
1000610	0
1000620	0
1000630	0
1000640	0
1000650	0
1000660	1
1000670	0
1000680	0
1000690	0
1000700	0
1000710	0
1000720	0
1000730	0
1000740	0
1000750	0
1000760	0
1000770	0
1000780	0
1000790	0
1000800	0
1000810	0
1000820	0
1000830	0
1000840	0
1000850	0
1000860	0
1000870	0
1000880	0
1000890	0
1000900	0
1000910	0
1000920	0
1000930	0
1000940	0
1000950	0
1000960	0
1000970	0
1000980	0
1000990	0
1001000	0
1001010	0
1001020	0
1001030	0
1001040	0
1001050	0
1001060	0
1001070	0
1001080	0
1001090	0
1001100	0
1001110	0
1001120	0
1001130	0
1001140	0
1001150	0
1001160	0
1001170	0
1001180	0
1001190	1
1001200	0
1001210	0
1001220	0
1001230	0
1001240	0
1001250	0
1001260	0
1001270	0
1001280	0
1001290	0
1001300	0
1001310	1
1001320	0
1001330	0
1001340	0
1001350	0
1001360	2
1001370	0
1001380	0
1001390	0
1001400	0
1001410	0
1001420	0
1001430	1
1001440	0
1001450	0
1001460	0
1001470	0
1001480	2
1001490	0
1001500	0
1001510	0
1001520	0
1001530	4
1001540	0
1001550	0
1001560	0
1001570	0
1001580	0
1001590	0
1001600	2
1001610	0
1001620	0
1001630	0
1001640	0
1001650	2
1001660	0
1001670	0
1001680	0
1001690	0
1001700	1
1001710	0
1001720	0
1001730	0
1001740	0
1001750	0
1001760	0
1001770	1
1001780	0
1001790	0
1001800	0
1001810	0
1001820	3
1001830	0
1001840	0
1001850	0
1001860	0
1001870	0
1001880	0
1001890	2
1001900	0
1001910	0
1001920	0
1001930	0
1001940	1
1001950	0
1001960	0
1001970	0
1001980	0
1001990	1
1002000	0
1002010	1
1002020	0
1002030	0
1002040	0
1002050	0
1002060	1
1002070	0
1002080	1
1002090	0
1002100	0
1002110	0
1002120	0
1002130	0
1002140	0
1002150	0
1002160	0
1002170	0
1002180	0
1002190	0
1002200	1
1002210	0
1002220	0
1002230	6
1002240	0
1002250	1
1002260	0
1002270	0
1002280	9
1002290	0
1002300	13
1002310	0
1002320	0
1002330	9
1002340	0
1002350	21
1002360	0
1002370	5
1002380	8
1002390	0
1002400	25
1002410	0
1002420	9
1002430	6
1002440	0
1002450	28
1002460	0
1002470	12
1002480	5
1002490	0
1002500	33
1002510	0
1002520	14
1002530	6
1002540	0
1002550	36
1002560	0
1002570	13
1002580	6
1002590	6
1002600	34
1002610	3
1002620	9
1002630	4
1002640	13
1002650	34
1002660	5
1002670	12
1002680	2
1002690	14
1002700	33
1002710	5
1002720	16
1002730	3
1002740	20
1002750	33
1002760	6
1002770	24
1002780	11
1002790	20
1002800	34
1002810	7
1002820	28
1002830	18
1002840	22
1002850	37
1002860	14
1002870	31
1002880	27
1002890	28
1002900	42
1002910	25
1002920	36
1002930	35
1002940	32
1002950	49
1002960	34
1002970	41
1002980	42
1002990	40
1003000	56
1003010	40
1003020	47
1003030	51
1003040	47
1003050	61
1003060	47
1003070	50
1003080	58
1003090	53
1003100	66
1003110	54
1003120	56
1003130	65
1003140	61
1003150	67
1003160	181
1003170	151
1003180	0
1003190	0
1003200	2
1003210	0
1003220	0
1003230	0
1003240	0
1003250	0
1003260	0
1003270	1
1003280	0
1003290	0
1003300	3
1003310	0
1003320	0
1003330	0
1003340	0
1003350	0
1003360	0
1003370	1
1003380	0
1003390	0
1003400	0
1003410	0
1003420	1
1003430	0
1003440	0
1003450	0
1003460	0
1003470	4
1003480	0
1003490	0
1003500	0
1003510	0
1003520	4
1003530	0
1003540	0
1003550	0
1003560	3
1003570	0
1003580	0
1003590	1
1003600	0
1003610	0
1003620	0
1003630	0
1003640	3
1003650	0
1003660	0
1003670	0
1003680	3
1003690	0
1003700	0
1003710	0
1003720	0
1003730	2
1003740	0
1003750	0
1003760	0
1003770	0
1003780	0
1003790	0
1003800	0
1003810	6
1003820	0
1003830	0
1003840	0
1003850	4
1003860	0
1003870	0
1003880	1
1003890	0
1003900	5
1003910	0
1003920	0
1003930	1
1003940	0
1003950	3
1003960	0
1003970	1
1003980	3
1003990	0
1004000	0
1004010	0
1004020	0
1004030	0
1004040	0
1004050	0
1004060	0
1004070	3
1004080	0
1004090	1
1004100	0
1004110	0
1004120	4
1004130	0
1004140	0
1004150	7
1004160	0
1004170	11
1004180	0
1004190	1
1004200	10
1004210	10
1004220	9
1004230	0
1004240	3
1004250	11
1004260	19
1004270	15
1004280	0
1004290	11
1004300	9
1004310	24
1004320	26
1004330	2
1004340	19
1004350	8
1004360	26
1004370	37
1004380	3
1004390	25
1004400	10
1004410	30
1004420	42
1004430	5
1004440	28
1004450	17
1004460	24
1004470	47
1004480	8
1004490	33
1004500	25
1004510	27
1004520	50
1004530	20
1004540	38
1004550	36
1004560	34
1004570	52
1004580	29
1004590	41
1004600	45
1004610	40
1004620	54
1004630	37
1004640	47
1004650	52
1004660	48
1004670	55
1004680	51
1004690	51
1004700	58
1004710	55
1004720	59
1004730	63
1004740	57
1004750	66
1004760	62
1004770	64
1004780	70
1004790	64
1004800	73
1004810	68
1004820	69
1004830	75
1004840	72
1004850	77
1004860	74
1004870	0
1004880	0
1004890	1
1004900	2
1004910	0
1004920	0
1004930	0
1004940	0
1004950	0
1004960	0
1004970	1
1004980	0
1004990	1
1005000	0
1005010	0
1005020	2
1005030	0
1005040	0
1005050	0
1005060	0
1005070	0
1005080	0
1005090	0
1005100	0
1005110	1
1005120	0
1005130	0
1005140	1
1005150	0
1005160	1
1005170	0
1005180	0
1005190	0
1005200	0
1005210	0
1005220	0
1005230	1
1005240	0
1005250	0
1005260	0
1005270	0
1005280	0
1005290	0
1005300	0
1005310	0
1005320	0
1005330	0
1005340	0
1005350	0
1005360	0
1005370	1
1005380	0
1005390	0
1005400	0
1005410	0
1005420	6
1005430	0
1005440	0
1005450	1
1005460	0
1005470	0
1005480	0
1005490	0
1005500	0
1005510	0
1005520	0
1005530	0
1005540	0
1005550	0
1005560	0
1005570	1
1005580	0
1005590	8
1005600	0
1005610	0
1005620	1
1005630	0
1005640	0
1005650	0
1005660	0
1005670	1
1005680	0
1005690	6
1005700	0
1005710	3
1005720	0
1005730	0
1005740	10
1005750	0
1005760	17
1005770	0
1005780	1
1005790	15
1005800	0
1005810	18
1005820	0
1005830	3
1005840	16
1005850	0
1005860	22
1005870	0
1005880	4
1005890	11
1005900	4
1005910	23
1005920	0
1005930	18
1005940	10
1005950	15
1005960	28
1005970	0
1005980	25
1005990	10
1006000	20
1006010	34
1006020	0
1006030	32
1006040	13
1006050	21
1006060	39
1006070	0
1006080	36
1006090	19
1006100	19
1006110	42
1006120	5
1006130	39
1006140	23
1006150	24
1006160	43
1006170	17
1006180	43
1006190	32
1006200	32
1006210	48
1006220	28
1006230	47
1006240	40
1006250	38
1006260	52
1006270	37
1006280	53
1006290	48
1006300	45
1006310	57
1006320	49
1006330	57
1006340	54
1006350	52
1006360	62
1006370	59
1006380	64
1006390	61
1006400	59
1006410	68
1006420	66
1006430	71
1006440	72
1006450	62
1006460	74
1006470	72
1006480	74
1006490	79
1006500	71
1006510	79
1006520	0
1006530	0
1006540	0
1006550	0
1006560	0
1006570	0
1006580	4
1006590	1
1006600	0
1006610	1
1006620	0
1006630	3
1006640	0
1006650	0
1006660	2
1006670	0
1006680	1
1006690	0
1006700	3
1006710	2
1006720	0
1006730	0
1006740	0
1006750	4
1006760	0
1006770	0
1006780	1
1006790	0
1006800	5
1006810	0
1006820	0
1006830	1
1006840	0
1006850	0
1006860	0
1006870	3
1006880	0
1006890	0
1006900	0
1006910	0
1006920	3
1006930	0
1006940	0
1006950	0
1006960	0
1006970	5
1006980	0
1006990	1
1007000	0
1007010	0
1007020	0
1007030	0
1007040	3
1007050	0
1007060	0
1007070	0
1007080	0
1007090	4
1007100	0
1007110	0
1007120	1
1007130	0
1007140	7
1007150	0
1007160	0
1007170	0
1007180	0
1007190	2
1007200	0
1007210	4
1007220	0
1007230	0
1007240	0
1007250	0
1007260	3
1007270	0
1007280	1
1007290	0
1007300	0
1007310	8
1007320	0
1007330	3
1007340	0
1007350	0
1007360	12
1007370	0
1007380	10
1007390	0
1007400	0
1007410	18
1007420	0
1007430	12
1007440	0
1007450	0
1007460	20
1007470	6
1007480	16
1007490	0
1007500	11
1007510	24
1007520	8
1007530	28
1007540	0
1007550	2
1007560	19
1007570	12
1007580	28
1007590	0
1007600	4
1007610	17
1007620	18
1007630	30
1007640	0
1007650	14
1007660	17
1007670	18
1007680	35
1007690	0
1007700	20
1007710	19
1007720	17
1007730	39
1007740	0
1007750	26
1007760	24
1007770	18
1007780	42
1007790	13
1007800	30
1007810	30
1007820	26
1007830	46
1007840	23
1007850	34
1007860	38
1007870	32
1007880	51
1007890	32
1007900	41
1007910	47
1007920	39
1007930	55
1007940	41
1007950	47
1007960	54
1007970	47
1007980	59
1007990	52
1008000	50
1008010	60
1008020	56
1008030	63
1008040	60
1008050	56
1008060	66
1008070	62
1008080	71
1008090	67
1008100	64
1008110	75
1008120	69
1008130	78
1008140	74
1008150	70
1008160	80
1008170	0
1008180	2
1008190	0
1008200	8
1008210	0
1008220	0
1008230	5
1008240	0
1008250	0
1008260	0
1008270	1
1008280	0
1008290	0
1008300	0
1008310	0
1008320	5
1008330	0
1008340	0
1008350	0
1008360	0
1008370	4
1008380	0
1008390	0
1008400	3
1008410	1
1008420	0
1008430	0
1008440	0
1008450	0
1008460	0
1008470	0
1008480	0
1008490	5
1008500	0
1008510	0
1008520	2
1008530	0
1008540	4
1008550	0
1008560	0
1008570	0
1008580	0
1008590	0
1008600	0
1008610	2
1008620	0
1008630	0
1008640	0
1008650	0
1008660	3
1008670	0
1008680	0
1008690	0
1008700	1
1008710	5
1008720	0
1008730	0
1008740	0
1008750	0
1008760	0
1008770	0
1008780	2
1008790	0
1008800	0
1008810	2
1008820	1
1008830	5
1008840	0
1008850	0
1008860	0
1008870	2
1008880	5
1008890	0
1008900	0
1008910	0
1008920	0
1008930	0
1008940	1
1008950	3
1008960	0
1008970	0
1008980	1
1008990	1
1009000	3
1009010	0
1009020	1
1009030	0
1009040	6
1009050	11
1009060	0
1009070	2
1009080	0
1009090	7
1009100	17
1009110	4
1009120	5
1009130	0
1009140	3
1009150	19
1009160	6
1009170	9
1009180	0
1009190	2
1009200	19
1009210	9
1009220	10
1009230	0
1009240	1
1009250	17
1009260	13
1009270	14
1009280	0
1009290	6
1009300	16
1009310	10
1009320	22
1009330	1
1009340	14
1009350	22
1009360	8
1009370	27
1009380	9
1009390	21
1009400	27
1009410	17
1009420	30
1009430	19
1009440	27
1009450	35
1009460	26
1009470	35
1009480	27
1009490	31
1009500	42
1009510	33
1009520	42
1009530	37
1009540	38
1009550	173
1009560	114
1009570	1
1009580	0
1009590	0
1009600	0
1009610	0
1009620	0
1009630	0
1009640	1
1009650	0
1009660	0
1009670	0
1009680	0
1009690	1
1009700	0
1009710	1
1009720	0
1009730	0
1009740	0
1009750	0
1009760	0
1009770	0
1009780	1
1009790	0
1009800	0
1009810	5
1009820	0
1009830	0
1009840	0
1009850	0
1009860	3
1009870	0
1009880	0
1009890	0
1009900	2
1009910	0
1009920	0
1009930	1
1009940	0
1009950	1
1009960	0
1009970	0
1009980	4
1009990	0
