1000000	1
1000008	2
1000016	3
1000024	4
1000032	5
1000040	6
1000048	7
1000056	8
1000064	9
1000072	10
1000088	11
1000096	12
1000104	13
1000112	14
1000120	15
1000129	16
1000137	17
1000145	18
1000153	19
1000161	20
1000169	21
1000177	22
1000185	23
1000193	24
1000201	25
1000209	26
1000217	27
1000226	28
1000234	29
1000242	30
1000250	31
1000258	32
1000266	33
1000274	34
1000282	35
1000290	36
1000298	37
1000306	38
1000314	39
1000323	40
1000331	41
1000339	42
1000347	43
1000355	44
1000363	45
1000371	46
1000379	47
1000387	48
1000395	49
1000403	50
1000411	51
1000420	52
1000428	53
1000436	54
1000444	55
1000452	56
1000460	57
1000468	58
1000476	59
1000484	60
1000492	61
1000500	62
1000508	63
1000517	64
1000525	65
1000533	66
1000541	67
1000549	68
1000557	69
1000565	70
1000573	71
1000581	72
1000589	73
1000597	74
1000605	75
1000614	76
1000622	77
1000630	78
1000638	79
1000646	80
1000654	81
1000662	82
1000670	83
1000678	84
1000686	85
1000694	86
1000702	87
1000711	88
1000719	89
1000727	90
1000735	91
1000743	92
1000751	93
1000759	94
1000767	95
1000775	96
1000783	97
1000791	98
1000799	99
1000808	100
1000816	101
1000824	102
1000832	103
1000840	104
1000848	105
1000856	106
1000864	107
1000872	108
1000880	109
1000888	110
1000896	111
1000905	112
1000913	113
1000921	114
1000929	115
1000937	116
1000945	117
1000953	118
1000961	119
1000969	120
1000977	121
1000985	122
1000993	123
1001001	124
1001010	125
1001018	126
1001026	127
1001034	128
1001042	129
1001050	130
1001058	131
1001066	132
1001074	133
1001082	134
1001090	135
1001098	136
1001107	137
1001115	138
1001123	139
1001131	140
1001139	141
1001147	142
1001155	143
1001163	144
1001171	145
1001179	146
1001187	147
1001196	148
1001204	149
1001212	150
1001220	151
1001228	152
1001236	153
1001244	154
1001252	155
1001260	156
1001269	157
1001277	158
1001285	159
1001293	160
1001301	161
1001309	162
1001317	163
1001325	164
1001333	165
1001342	166
1001350	167
1001358	168
1001366	169
1001374	170
1001382	171
1001390	172
1001398	173
1001406	174
1001415	175
1001423	176
1001431	177
1001439	178
1001447	179
1001455	180
1001463	181
1001471	182
1001479	183
1001488	184
1001496	185
1001504	186
1001512	187
1001520	188
1001528	189
1001536	190
1001544	191
1001552	192
1001561	193
1001569	194
1001577	195
1001585	196
1001593	197
1001601	198
1001609	199
1001617	200
1001625	201
1001633	202
1001642	203
1001650	204
1001658	205
1001666	206
1001674	207
1001682	208
1001690	209
1001698	210
1001706	211
1001714	212
1001722	213
1001731	214
1001739	215
1001747	216
1001755	217
1001763	218
1001771	219
1001779	220
1001787	221
1001795	222
1001803	223
1001811	224
1001820	225
1001828	226
1001836	227
1001844	228
1001852	229
1001860	230
1001868	231
1001876	232
1001884	233
1001892	234
1001900	235
1001909	236
1001917	237
1001925	238
1001933	239
1001941	240
1001949	241
1001957	242
1001965	243
1001973	244
1001981	245
1001989	246
1001998	247
1002006	248
1002014	249
1002022	250
1002030	251
1002038	252
1002046	253
1002054	254
1002062	255
1002070	256
1002078	257
1002087	258
1002095	259
1002103	260
1002111	261
1002119	262
1002127	263
1002135	264
1002143	265
1002151	266
1002160	267
1002168	268
1002176	269
1002184	270
1002192	271
1002200	272
1002208	273
1002216	274
1002224	275
1002232	276
1002240	277
1002249	278
1002257	279
1002265	280
1002273	281
1002281	282
1002289	283
1002297	284
1002306	285
1002314	286
1002322	287
1002330	288
1002338	289
1002346	290
1002355	291
1002363	292
1002371	293
1002380	294
1002388	295
1002396	296
1002404	297
1002412	298
1002420	299
1002429	300
1002437	301
1002445	302
1002454	303
1002462	304
1002470	305
1002479	306
1002487	307
1002495	308
1002504	309
1002512	310
1002520	311
1002529	312
1002537	313
1002545	314
1002554	315
1002562	316
1002570	317
1002579	318
1002587	319
1002595	320
1002604	321
1002612	322
1002620	323
1002629	324
1002637	325
1002645	326
1002654	327
1002662	328
1002670	329
1002679	330
1002687	331
1002696	332
1002704	333
1002712	334
1002721	335
1002729	336
1002737	337
1002746	338
1002754	339
1002763	340
1002771	341
1002780	342
1002788	343
1002797	344
1002805	345
1002814	346
1002822	347
1002831	348
1002839	349
1002848	350
1002857	351
1002865	352
1002874	353
1002883	354
1002891	355
1002900	356
1002909	357
1002917	358
1002926	359
1002935	360
1002944	361
1002953	362
1002962	363
1002971	364
1002980	365
1002989	366
1002998	367
1003007	368
1003016	369
1003025	370
1003034	371
1003043	372
1003052	373
1003062	374
1003071	375
1003080	376
1003089	377
1003099	378
1003108	379
1003117	380
1003127	381
1003136	382
1003146	383
1003155	384
1003165	385
1003165	192
1003187	193
1003195	194
1003203	195
1003211	196
1003219	197
1003227	198
1003235	199
1003243	200
1003251	201
1003260	202
1003268	203
1003276	204
1003284	205
1003292	206
1003300	207
1003308	208
1003316	209
1003324	210
1003332	211
1003340	212
1003349	213
1003357	214
1003365	215
1003373	216
1003381	217
1003389	218
1003397	219
1003405	220
1003413	221
1003421	222
1003429	223
1003438	224
1003446	225
1003454	226
1003462	227
1003470	228
1003478	229
1003486	230
1003494	231
1003502	232
1003510	233
1003518	234
1003527	235
1003535	236
1003543	237
1003551	238
1003559	239
1003567	240
1003575	241
1003583	242
1003591	243
1003599	244
1003607	245
1003615	246
1003624	247
1003632	248
1003640	249
1003648	250
1003656	251
1003664	252
1003672	253
1003680	254
1003688	255
1003696	256
1003704	257
1003712	258
1003720	259
1003729	260
1003737	261
1003745	262
1003753	263
1003761	264
1003769	265
1003777	266
1003785	267
1003793	268
1003801	269
1003809	270
1003818	271
1003826	272
1003834	273
1003842	274
1003850	275
1003858	276
1003866	277
1003874	278
1003882	279
1003890	280
1003898	281
1003907	282
1003915	283
1003923	284
1003931	285
1003939	286
1003947	287
1003956	288
1003964	289
1003972	290
1003980	291
1003989	292
1003997	293
1004005	294
1004013	295
1004022	296
1004030	297
1004038	298
1004046	299
1004055	300
1004063	301
1004071	302
1004080	303
1004088	304
1004096	305
1004105	306
1004113	307
1004121	308
1004130	309
1004138	310
1004147	311
1004155	312
1004164	313
1004172	314
1004180	315
1004189	316
1004197	317
1004205	318
1004214	319
1004222	320
1004231	321
1004239	322
1004247	323
1004256	324
1004264	325
1004273	326
1004281	327
1004289	328
1004298	329
1004307	330
1004315	331
1004323	332
1004332	333
1004340	334
1004348	335
1004357	336
1004365	337
1004374	338
1004382	339
1004391	340
1004399	341
1004408	342
1004416	343
1004424	344
1004433	345
1004442	346
1004450	347
1004459	348
1004467	349
1004476	350
1004485	351
1004493	352
1004502	353
1004511	354
1004519	355
1004528	356
1004537	357
1004545	358
1004554	359
1004563	360
1004572	361
1004581	362
1004590	363
1004599	364
1004608	365
1004617	366
1004626	367
1004635	368
1004644	369
1004653	370
1004662	371
1004671	372
1004680	373
1004690	374
1004699	375
1004708	376
1004717	377
1004727	378
1004736	379
1004745	380
1004755	381
1004764	382
1004774	383
1004783	384
1004793	385
1004802	386
1004812	387
1004821	388
1004831	389
1004841	390
1004850	391
1004860	392
1004870	393
1004879	394
1004884	197
1004899	198
1004907	199
1004916	200
1004924	201
1004932	202
1004940	203
1004948	204
1004956	205
1004964	206
1004972	207
1004980	208
1004988	209
1004997	210
1005005	211
1005013	212
1005021	213
1005029	214
1005037	215
1005045	216
1005053	217
1005061	218
1005069	219
1005077	220
1005086	221
1005094	222
1005102	223
1005110	224
1005118	225
1005126	226
1005134	227
1005142	228
1005150	229
1005158	230
1005166	231
1005175	232
1005183	233
1005191	234
1005199	235
1005207	236
1005215	237
1005223	238
1005231	239
1005239	240
1005247	241
1005255	242
1005264	243
1005272	244
1005280	245
1005288	246
1005296	247
1005304	248
1005312	249
1005320	250
1005328	251
1005336	252
1005345	253
1005353	254
1005361	255
1005369	256
1005377	257
1005385	258
1005393	259
1005401	260
1005409	261
1005418	262
1005426	263
1005434	264
1005442	265
1005450	266
1005458	267
1005466	268
1005474	269
1005482	270
1005491	271
1005499	272
1005507	273
1005515	274
1005523	275
1005531	276
1005539	277
1005547	278
1005556	279
1005564	280
1005572	281
1005580	282
1005588	283
1005596	284
1005604	285
1005612	286
1005620	287
1005628	288
1005637	289
1005645	290
1005653	291
1005661	292
1005669	293
1005677	294
1005685	295
1005693	296
1005701	297
1005710	298
1005718	299
1005726	300
1005734	301
1005742	302
1005750	303
1005758	304
1005767	305
1005775	306
1005783	307
1005791	308
1005800	309
1005808	310
1005816	311
1005824	312
1005832	313
1005841	314
1005849	315
1005857	316
1005865	317
1005874	318
1005882	319
1005890	320
1005899	321
1005907	322
1005915	323
1005924	324
1005932	325
1005940	326
1005948	327
1005956	328
1005965	329
1005973	330
1005981	331
1005990	332
1005998	333
1006006	334
1006015	335
1006024	336
1006032	337
1006040	338
1006049	339
1006057	340
1006065	341
1006074	342
1006082	343
1006091	344
1006099	345
1006108	346
1006116	347
1006125	348
1006133	349
1006142	350
1006151	351
1006159	352
1006168	353
1006177	354
1006185	355
1006194	356
1006203	357
1006211	358
1006220	359
1006229	360
1006238	361
1006247	362
1006256	363
1006265	364
1006274	365
1006283	366
1006292	367
1006301	368
1006310	369
1006319	370
1006328	371
1006337	372
1006347	373
1006356	374
1006365	375
1006374	376
1006384	377
1006393	378
1006402	379
1006412	380
1006421	381
1006431	382
1006440	383
1006450	384
1006459	385
1006469	386
1006478	387
1006488	388
1006497	389
1006507	390
1006517	391
1006526	392
1006536	393
1006546	196
1006546	197
1006562	198
1006570	199
1006578	200
1006586	201
1006594	202
1006602	203
1006611	204
1006619	205
1006627	206
1006635	207
1006643	208
1006651	209
1006659	210
1006667	211
1006675	212
1006683	213
1006692	214
1006700	215
1006708	216
1006716	217
1006724	218
1006732	219
1006740	220
1006748	221
1006756	222
1006764	223
1006772	224
1006781	225
1006789	226
1006797	227
1006805	228
1006813	229
1006821	230
1006829	231
1006837	232
1006845	233
1006853	234
1006862	235
1006870	236
1006878	237
1006886	238
1006894	239
1006902	240
1006910	241
1006918	242
1006926	243
1006934	244
1006942	245
1006951	246
1006959	247
1006967	248
1006975	249
1006983	250
1006991	251
1006999	252
1007007	253
1007015	254
1007023	255
1007031	256
1007040	257
1007048	258
1007056	259
1007064	260
1007072	261
1007080	262
1007088	263
1007096	264
1007104	265
1007112	266
1007121	267
1007129	268
1007137	269
1007145	270
1007153	271
1007161	272
1007169	273
1007177	274
1007185	275
1007193	276
1007201	277
1007210	278
1007218	279
1007226	280
1007234	281
1007242	282
1007250	283
1007258	284
1007266	285
1007274	286
1007282	287
1007290	288
1007299	289
1007307	290
1007315	291
1007323	292
1007331	293
1007339	294
1007347	295
1007355	296
1007363	297
1007371	298
1007380	299
1007388	300
1007396	301
1007404	302
1007412	303
1007420	304
1007428	305
1007437	306
1007445	307
1007453	308
1007461	309
1007469	310
1007478	311
1007486	312
1007494	313
1007503	314
1007512	157
1007534	158
1007542	159
1007550	160
1007558	161
1007566	162
1007574	163
1007582	164
1007591	165
1007599	166
1007607	167
1007615	168
1007623	169
1007631	170
1007639	171
1007647	172
1007655	173
1007663	174
1007671	175
1007680	176
1007688	177
1007696	178
1007704	179
1007712	180
1007720	181
1007728	182
1007736	183
1007744	184
1007752	185
1007760	186
1007768	187
1007777	188
1007785	189
1007793	190
1007801	191
1007809	192
1007817	193
1007825	194
1007833	195
1007841	196
1007849	197
1007857	198
1007866	199
1007874	200
1007882	201
1007890	202
1007898	203
1007906	204
1007914	205
1007922	206
1007930	207
1007938	208
1007946	209
1007955	210
1007963	211
1007971	212
1007979	213
1007987	214
1007995	215
1008003	216
1008011	217
1008019	218
1008027	219
1008035	220
1008044	221
1008052	222
1008060	223
1008068	224
1008076	225
1008084	226
1008092	227
1008100	228
1008108	229
1008116	230
1008125	231
1008133	232
1008141	233
1008149	234
1008157	235
1008165	236
1008173	237
1008181	238
1008189	239
1008197	240
1008206	241
1008214	242
1008222	243
1008230	244
1008238	245
1008246	246
1008254	247
1008262	248
1008270	249
1008278	250
1008287	251
1008295	252
1008303	253
1008311	254
1008319	255
1008327	256
1008335	257
1008343	258
1008351	259
1008359	260
1008367	261
1008376	262
1008384	263
1008392	264
1008400	265
1008408	266
1008416	267
1008424	268
1008432	269
1008440	270
1008449	271
1008457	272
1008465	273
1008473	274
1008481	275
1008489	276
1008497	277
1008505	278
1008513	279
1008521	280
1008530	281
1008538	282
1008546	283
1008554	284
1008562	285
1008570	286
1008578	287
1008587	288
1008595	289
1008603	290
1008611	291
1008620	292
1008628	293
1008636	294
1008644	295
1008652	296
1008660	297
1008669	298
1008677	299
1008685	300
1008694	301
1008702	302
1008710	303
1008719	304
1008727	305
1008735	306
1008743	307
1008752	308
1008760	309
1008768	310
1008776	311
1008784	312
1008793	313
1008801	314
1008809	315
1008818	316
1008826	317
1008834	318
1008843	319
1008851	320
1008859	321
1008868	322
1008876	323
1008884	324
1008893	325
1008901	326
1008909	327
1008918	328
1008926	329
1008935	330
1008943	331
1008951	332
1008960	333
1008968	334
1008977	335
1008985	336
1008993	337
1009002	338
1009010	339
1009019	340
1009027	341
1009035	342
1009044	343
1009052	344
1009061	345
1009070	346
1009078	347
1009086	348
1009095	349
1009104	350
1009112	351
1009121	352
1009129	353
1009138	354
1009147	355
1009156	356
1009165	357
1009173	358
1009182	359
1009191	360
1009200	361
1009209	362
1009218	363
1009227	364
1009235	365
1009245	366
1009254	367
1009263	368
1009272	369
1009281	370
1009290	371
1009299	372
1009308	373
1009318	374
1009327	375
1009336	376
1009345	377
1009355	378
1009364	379
1009373	380
1009383	381
1009392	382
1009402	383
1009411	384
1009421	385
1009430	386
1009440	387
1009449	388
1009459	389
1009469	390
1009478	391
1009488	392
1009498	393
1009498	196
1009501	197
1009506	198
1009514	199
1009522	200
1009530	201
1009538	202
1009547	203
1009555	204
1009563	205
1009571	206
1009579	207
1009587	208
1009595	209
1009603	210
1009611	211
1009619	212
1009628	213
1009636	214
1009644	215
1009652	216
1009660	217
1009668	218
1009676	219
1009684	220
1009692	221
1009700	222
1009709	223
1009717	224
1009725	225
1009733	226
1009741	227
1009749	228
1009757	229
1009765	230
1009773	231
1009781	232
1009789	233
1009798	234
1009806	235
1009814	236
1009822	237
1009830	238
1009836	119
1009841	120
1009849	121
1009857	122
1009865	123
1009873	124
1009881	125
1009889	126
1009897	127
1009905	128
1009913	129
1009921	130
1009930	131
1009938	132
1009946	133
1009954	134
1009962	135
1009970	136
1009978	137
1009986	138
1009994	139
