1000000	0
1000010	0
1000020	0
1000030	0
1000040	0
1000050	0
1000060	0
1000070	0
1000080	0
1000090	0
1000100	0
1000110	0
1000120	0
1000130	0
1000140	0
1000150	0
1000160	0
1000170	0
1000180	0
1000190	0
1000200	0
1000210	0
1000220	0
1000230	0
1000240	0
1000250	0
1000260	0
1000270	0
1000280	0
1000290	0
1000300	0
1000310	0
1000320	0
1000330	0
1000340	0
1000350	0
1000360	0
1000370	0
1000380	0
1000390	0
1000400	0
1000410	0
1000420	0
1000430	0
1000440	0
1000450	0
1000460	0
1000470	0
1000480	0
1000490	0
1000500	0
1000510	0
1000520	0
1000530	0
1000540	0
1000550	0
1000560	0
1000570	0
1000580	0
1000590	0
1000600	0
1000610	0
1000620	0
1000630	0
1000640	0
1000650	0
1000660	0
1000670	0
1000680	0
1000690	0
1000700	0
1000710	0
1000720	0
1000730	0
1000740	0
1000750	0
1000760	0
1000770	0
1000780	0
1000790	0
1000800	0
1000810	0
1000820	0
1000830	0
1000840	0
1000850	0
1000860	0
1000870	0
1000880	0
1000890	0
1000900	0
1000910	0
1000920	0
1000930	0
1000940	0
1000950	0
1000960	0
1000970	0
1000980	0
1000990	0
1001000	0
1001010	0
1001020	0
1001030	0
1001040	0
1001050	0
1001060	0
1001070	0
1001080	0
1001090	0
1001100	0
1001110	0
1001120	0
1001130	0
1001140	0
1001150	0
1001160	0
1001170	0
1001180	0
1001190	1
1001200	0
1001210	0
1001220	0
1001230	0
1001240	0
1001250	0
1001260	0
1001270	0
1001280	0
1001290	0
1001300	0
1001310	1
1001320	0
1001330	0
1001340	0
1001350	0
1001360	2
1001370	0
1001380	0
1001390	0
1001400	0
1001410	0
1001420	0
1001430	0
1001440	0
1001450	0
1001460	0
1001470	0
1001480	2
1001490	0
1001500	0
1001510	0
1001520	0
1001530	2
1001540	0
1001550	0
1001560	0
1001570	0
1001580	0
1001590	0
1001600	1
1001610	0
1001620	0
1001630	0
1001640	0
1001650	1
1001660	0
1001670	0
1001680	0
1001690	0
1001700	1
1001710	0
1001720	0
1001730	0
1001740	0
1001750	0
1001760	0
1001770	2
1001780	0
1001790	0
1001800	0
1001810	0
1001820	2
1001830	0
1001840	1
1001850	0
1001860	0
1001870	1
1001880	0
1001890	1
1001900	0
1001910	0
1001920	0
1001930	0
1001940	1
1001950	0
1001960	0
1001970	0
1001980	0
1001990	1
1002000	0
1002010	1
1002020	0
1002030	0
1002040	1
1002050	0
1002060	1
1002070	0
1002080	0
1002090	0
1002100	0
1002110	2
1002120	0
1002130	1
1002140	0
1002150	0
1002160	0
1002170	0
1002180	1
1002190	0
1002200	0
1002210	0
1002220	0
1002230	2
1002240	0
1002250	2
1002260	0
1002270	0
1002280	8
1002290	0
1002300	14
1002310	0
1002320	0
1002330	12
1002340	0
1002350	20
1002360	0
1002370	2
1002380	13
1002390	0
1002400	26
1002410	0
1002420	4
1002430	13
1002440	0
1002450	29
1002460	0
1002470	7
1002480	13
1002490	0
1002500	30
1002510	0
1002520	9
1002530	15
1002540	7
1002550	33
1002560	0
1002570	9
1002580	13
1002590	13
1002600	36
1002610	0
1002620	6
1002630	11
1002640	17
1002650	36
1002660	2
1002670	8
1002680	11
1002690	18
1002700	33
1002710	2
1002720	12
1002730	10
1002740	21
1002750	36
1002760	2
1002770	21
1002780	14
1002790	19
1002800	40
1002810	3
1002820	26
1002830	22
1002840	18
1002850	42
1002860	9
1002870	29
1002880	31
1002890	25
1002900	46
1002910	20
1002920	34
1002930	39
1002940	33
1002950	51
1002960	28
1002970	40
1002980	44
1002990	40
1003000	54
1003010	37
1003020	45
1003030	51
1003040	48
1003050	59
1003060	47
1003070	49
1003080	59
1003090	54
1003100	60
1003110	56
1003120	54
1003130	66
1003140	62
1003150	63
1003160	215
1003170	352
1003180	22
1003190	0
1003200	0
1003210	0
1003220	0
1003230	3
1003240	0
1003250	0
1003260	0
1003270	0
1003280	0
1003290	0
1003300	0
1003310	0
1003320	0
1003330	0
1003340	0
1003350	1
1003360	0
1003370	0
1003380	0
1003390	0
1003400	2
1003410	0
1003420	0
1003430	0
1003440	0
1003450	0
1003460	0
1003470	1
1003480	0
1003490	0
1003500	0
1003510	0
1003520	0
1003530	0
1003540	2
1003550	0
1003560	0
1003570	0
1003580	0
1003590	0
1003600	0
1003610	0
1003620	0
1003630	0
1003640	1
1003650	0
1003660	4
1003670	0
1003680	0
1003690	0
1003700	0
1003710	8
1003720	0
1003730	0
1003740	0
1003750	0
1003760	0
1003770	0
1003780	1
1003790	0
1003800	0
1003810	0
1003820	0
1003830	5
1003840	0
1003850	0
1003860	1
1003870	0
1003880	8
1003890	0
1003900	0
1003910	2
1003920	0
1003930	14
1003940	0
1003950	6
1003960	0
1003970	0
1003980	21
1003990	0
1004000	19
1004010	0
1004020	0
1004030	26
1004040	0
1004050	31
1004060	0
1004070	1
1004080	28
1004090	0
1004100	36
1004110	0
1004120	3
1004130	29
1004140	0
1004150	34
1004160	0
1004170	3
1004180	31
1004190	2
1004200	29
1004210	0
1004220	3
1004230	31
1004240	6
1004250	22
1004260	0
1004270	2
1004280	32
1004290	9
1004300	21
1004310	0
1004320	1
1004330	32
1004340	10
1004350	23
1004360	0
1004370	5
1004380	32
1004390	9
1004400	31
1004410	0
1004420	14
1004430	33
1004440	11
1004450	35
1004460	10
1004470	22
1004480	37
1004490	14
1004500	39
1004510	19
1004520	27
1004530	39
1004540	25
1004550	42
1004560	29
1004570	31
1004580	46
1004590	34
1004600	47
1004610	38
1004620	38
1004630	52
1004640	42
1004650	53
1004660	46
1004670	45
1004680	59
1004690	51
1004700	58
1004710	53
1004720	51
1004730	65
1004740	55
1004750	64
1004760	63
1004770	58
1004780	71
1004790	62
1004800	70
1004810	69
1004820	64
1004830	75
1004840	70
1004850	70
1004860	77
1004870	73
1004880	80
1004890	0
1004900	0
1004910	0
1004920	3
1004930	0
1004940	0
1004950	1
1004960	0
1004970	0
1004980	0
1004990	0
1005000	2
1005010	0
1005020	0
1005030	0
1005040	2
1005050	0
1005060	0
1005070	1
1005080	0
1005090	5
1005100	0
1005110	0
1005120	0
1005130	0
1005140	0
1005150	0
1005160	0
1005170	0
1005180	0
1005190	0
1005200	0
1005210	5
1005220	0
1005230	0
1005240	0
1005250	0
1005260	4
1005270	0
1005280	0
1005290	0
1005300	0
1005310	0
1005320	0
1005330	1
1005340	0
1005350	0
1005360	0
1005370	0
1005380	6
1005390	0
1005400	11
1005410	1
1005420	0
1005430	6
1005440	0
1005450	1
1005460	0
1005470	0
1005480	0
1005490	0
1005500	2
1005510	0
1005520	1
1005530	0
1005540	0
1005550	6
1005560	0
1005570	0
1005580	0
1005590	0
1005600	5
1005610	0
1005620	1
1005630	0
1005640	1
1005650	4
1005660	0
1005670	2
1005680	0
1005690	0
1005700	2
1005710	0
1005720	8
1005730	0
1005740	3
1005750	0
1005760	0
1005770	16
1005780	0
1005790	10
1005800	0
1005810	0
1005820	22
1005830	0
1005840	13
1005850	0
1005860	2
1005870	25
1005880	4
1005890	19
1005900	0
1005910	0
1005920	26
1005930	7
1005940	21
1005950	0
1005960	3
1005970	23
1005980	15
1005990	24
1006000	0
1006010	10
1006020	20
1006030	16
1006040	31
1006050	0
1006060	15
1006070	18
1006080	15
1006090	35
1006100	2
1006110	22
1006120	20
1006130	14
1006140	39
1006150	13
1006160	33
1006170	25
1006180	23
1006190	42
1006200	25
1006210	38
1006220	32
1006230	30
1006240	46
1006250	35
1006260	45
1006270	42
1006280	37
1006290	52
1006300	42
1006310	51
1006320	47
1006330	43
1006340	57
1006350	50
1006360	58
1006370	54
1006380	51
1006390	62
1006400	58
1006410	58
1006420	62
1006430	57
1006440	67
1006450	66
1006460	62
1006470	71
1006480	65
1006490	74
1006500	71
1006510	70
1006520	78
1006530	75
1006540	80
1006550	10
1006560	0
1006570	0
1006580	0
1006590	0
1006600	0
1006610	0
1006620	0
1006630	4
1006640	0
1006650	0
1006660	2
1006670	0
1006680	0
1006690	0
1006700	0
1006710	1
1006720	0
1006730	0
1006740	0
1006750	1
1006760	0
1006770	0
1006780	1
1006790	0
1006800	3
1006810	0
1006820	1
1006830	2
1006840	0
1006850	0
1006860	0
1006870	0
1006880	0
1006890	0
1006900	0
1006910	0
1006920	1
1006930	0
1006940	0
1006950	1
1006960	0
1006970	3
1006980	0
1006990	0
1007000	0
1007010	1
1007020	0
1007030	0
1007040	1
1007050	0
1007060	0
1007070	0
1007080	0
1007090	0
1007100	0
1007110	0
1007120	0
1007130	0
1007140	2
1007150	0
1007160	1
1007170	0
1007180	2
1007190	0
1007200	0
1007210	0
1007220	0
1007230	0
1007240	0
1007250	0
1007260	1
1007270	0
1007280	0
1007290	0
1007300	0
1007310	3
1007320	0
1007330	3
1007340	0
1007350	3
1007360	7
1007370	0
1007380	5
1007390	0
1007400	0
1007410	11
1007420	4
1007430	7
1007440	0
1007450	0
1007460	13
1007470	11
1007480	6
1007490	0
1007500	1
1007510	422
1007520	100
1007530	6
1007540	0
1007550	0
1007560	0
1007570	0
1007580	0
1007590	0
1007600	1
1007610	0
1007620	0
1007630	0
1007640	0
1007650	1
1007660	0
1007670	0
1007680	0
1007690	0
1007700	0
1007710	0
1007720	0
1007730	0
1007740	5
1007750	0
1007760	0
1007770	0
1007780	0
1007790	0
1007800	0
1007810	0
1007820	0
1007830	0
1007840	0
1007850	0
1007860	1
1007870	0
1007880	0
1007890	1
1007900	0
1007910	5
1007920	0
1007930	0
1007940	0
1007950	0
1007960	0
1007970	0
1007980	0
1007990	0
1008000	0
1008010	0
1008020	0
1008030	3
1008040	0
1008050	0
1008060	0
1008070	0
1008080	7
1008090	0
1008100	1
1008110	0
1008120	0
1008130	0
1008140	0
1008150	1
1008160	0
1008170	0
1008180	0
1008190	0
1008200	2
1008210	0
1008220	0
1008230	0
1008240	0
1008250	7
1008260	0
1008270	1
1008280	0
1008290	0
1008300	0
1008310	0
1008320	0
1008330	0
1008340	0
1008350	0
1008360	0
1008370	2
1008380	0
1008390	1
1008400	0
1008410	0
1008420	7
1008430	0
1008440	1
1008450	0
1008460	0
1008470	2
1008480	0
1008490	2
1008500	0
1008510	2
1008520	0
1008530	0
1008540	4
1008550	0
1008560	8
1008570	0
1008580	0
1008590	15
1008600	0
1008610	13
1008620	0
1008630	0
1008640	16
1008650	0
1008660	18
1008670	0
1008680	0
1008690	17
1008700	0
1008710	23
1008720	0
1008730	2
1008740	18
1008750	1
1008760	26
1008770	0
1008780	3
1008790	18
1008800	8
1008810	33
1008820	0
1008830	6
1008840	17
1008850	14
1008860	36
1008870	0
1008880	6
1008890	17
1008900	18
1008910	35
1008920	0
1008930	7
1008940	16
1008950	19
1008960	31
1008970	0
1008980	10
1008990	15
1009000	19
1009010	34
1009020	1
1009030	20
1009040	19
1009050	17
1009060	40
1009070	1
1009080	25
1009090	25
1009100	17
1009110	43
1009120	10
1009130	28
1009140	32
1009150	25
1009160	47
1009170	19
1009180	33
1009190	39
1009200	31
1009210	51
1009220	28
1009230	40
1009240	46
1009250	40
1009260	55
1009270	40
1009280	44
1009290	52
1009300	46
1009310	58
1009320	49
1009330	50
1009340	61
1009350	55
1009360	65
1009370	57
1009380	56
1009390	66
1009400	62
1009410	71
1009420	65
1009430	62
1009440	73
1009450	68
1009460	76
1009470	73
1009480	68
1009490	79
1009500	74
1009510	3
1009520	0
1009530	1
1009540	2
1009550	0
1009560	0
1009570	0
1009580	1
1009590	0
1009600	0
1009610	0
1009620	0
1009630	1
1009640	0
1009650	0
1009660	0
1009670	0
1009680	6
1009690	0
1009700	1
1009710	0
1009720	0
1009730	0
1009740	0
1009750	2
1009760	0
1009770	0
1009780	0
1009790	0
1009800	0
1009810	0
1009820	0
1009830	1
1009840	0
1009850	0
1009860	0
1009870	0
1009880	0
1009890	0
1009900	1
1009910	0
1009920	0
1009930	0
1009940	0
1009950	0
1009960	0
1009970	0
1009980	0
1009990	0
