1000000	1
1000008	2
1000016	3
1000024	4
1000032	5
1000040	6
1000049	7
1000057	8
1000065	9
1000074	10
1000089	11
1000097	12
1000105	13
1000113	14
1000122	15
1000130	16
1000138	17
1000147	18
1000155	19
1000163	20
1000172	21
1000180	22
1000189	23
1000197	24
1000205	25
1000206	12
1000206	13
1000213	14
1000222	15
1000230	16
1000238	17
1000246	18
1000254	19
1000262	20
1000270	21
1000278	22
1000286	23
1000294	24
1000302	25
1000311	26
1000319	27
1000327	28
1000335	29
1000343	30
1000351	31
1000359	32
1000367	33
1000375	34
1000383	35
1000392	36
1000400	37
1000408	38
1000416	39
1000424	40
1000432	41
1000440	42
1000448	43
1000456	44
1000464	45
1000472	46
1000481	47
1000489	48
1000497	49
1000505	50
1000513	51
1000521	52
1000529	53
1000537	54
1000545	55
1000553	56
1000562	57
1000570	58
1000578	59
1000586	60
1000594	61
1000602	62
1000610	63
1000618	64
1000626	65
1000634	66
1000643	67
1000651	68
1000659	69
1000667	70
1000675	71
1000683	72
1000691	73
1000699	74
1000707	75
1000715	76
1000723	77
1000732	78
1000740	79
1000748	80
1000756	81
1000764	82
1000772	83
1000780	84
1000788	85
1000796	86
1000804	87
1000813	88
1000821	89
1000829	90
1000837	91
1000845	92
1000853	93
1000861	94
1000869	95
1000877	96
1000885	97
1000894	98
1000902	99
1000910	100
1000918	101
1000926	102
1000934	103
1000942	104
1000950	105
1000958	106
1000966	107
1000975	108
1000983	109
1000991	110
1000999	111
1001007	112
1001015	113
1001023	114
1001031	115
1001039	116
1001047	117
1001055	118
1001064	119
1001072	120
1001080	121
1001088	122
1001096	123
1001104	124
1001112	125
1001120	126
1001128	127
1001136	128
1001145	129
1001153	130
1001161	131
1001169	132
1001177	133
1001185	134
1001193	135
1001201	136
1001209	137
1001217	138
1001226	139
1001234	140
1001242	141
1001250	142
1001258	143
1001266	144
1001274	145
1001282	146
1001290	147
1001298	148
1001306	149
1001315	150
1001323	151
1001331	152
1001339	153
1001347	154
1001355	155
1001363	156
1001371	157
1001379	158
1001387	159
1001396	160
1001404	161
1001412	162
1001420	163
1001428	164
1001436	165
1001444	166
1001452	167
1001460	168
1001468	169
1001477	170
1001485	171
1001493	172
1001501	173
1001509	174
1001517	175
1001525	176
1001534	177
1001542	178
1001550	179
1001558	180
1001567	181
1001575	182
1001583	183
1001592	184
1001600	185
1001609	186
1001617	187
1001626	188
1001634	189
1001643	190
1001651	191
1001660	192
1001669	193
1001678	194
1001686	195
1001695	196
1001704	197
1001713	198
1001722	199
1001731	200
1001740	201
1001749	202
1001758	203
1001768	204
1001777	205
1001786	206
1001795	207
1001805	208
1001814	209
1001824	210
1001833	211
1001843	212
1001852	213
1001862	214
1001872	215
1001881	216
1001891	217
1001901	218
1001906	109
1001909	110
1001914	111
1001924	112
1001932	113
1001940	114
1001948	115
1001956	116
1001964	117
1001973	118
1001981	119
1001989	120
1001997	121
1002005	122
1002013	123
1002021	124
1002029	125
1002038	126
1002046	127
1002054	128
1002062	129
1002070	130
1002078	131
1002086	132
1002094	133
1002102	134
1002111	135
1002119	136
1002127	137
1002135	138
1002143	139
1002151	140
1002159	141
1002167	142
1002176	143
1002184	144
1002192	145
1002200	146
1002208	147
1002216	148
1002224	149
1002232	150
1002240	151
1002249	152
1002257	153
1002265	154
1002273	155
1002281	156
1002289	157
1002297	158
1002305	159
1002314	160
1002322	161
1002330	162
1002338	163
1002346	164
1002354	165
1002362	166
1002370	167
1002379	168
1002387	169
1002395	170
1002403	171
1002411	172
1002419	173
1002427	174
1002435	175
1002443	176
1002452	177
1002460	178
1002468	179
1002476	180
1002484	181
1002493	182
1002501	183
1002509	184
1002518	185
1002526	186
1002534	187
1002543	188
1002551	189
1002560	190
1002568	191
1002577	192
1002585	193
1002594	194
1002602	195
1002611	196
1002620	197
1002629	198
1002637	199
1002646	200
1002655	201
1002664	202
1002673	203
1002682	204
1002691	205
1002700	206
1002710	207
1002719	208
1002728	209
1002737	210
1002747	211
1002756	212
1002766	213
1002775	214
1002785	215
1002794	216
1002804	217
1002813	218
1002823	219
1002833	220
1002843	221
1002852	222
1002860	111
1002862	112
1002865	113
1002873	114
1002881	115
1002889	116
1002897	117
1002905	118
1002914	119
1002922	120
1002930	121
1002938	122
1002946	123
1002954	124
1002962	125
1002970	126
1002978	127
1002986	128
1002995	129
1003003	130
1003011	131
1003019	132
1003027	133
1003035	134
1003043	135
1003051	136
1003059	137
1003067	138
1003076	139
1003084	140
1003092	141
1003100	142
1003108	143
1003116	144
1003124	145
1003132	146
1003140	147
1003148	148
1003156	149
1003165	150
1003173	151
1003181	152
1003189	153
1003197	154
1003205	155
1003213	156
1003221	157
1003229	158
1003237	159
1003246	160
1003254	161
1003262	162
1003270	163
1003278	164
1003286	165
1003294	166
1003302	167
1003310	168
1003319	169
1003327	170
1003335	171
1003343	172
1003351	173
1003359	174
1003367	175
1003375	176
1003383	177
1003392	178
1003400	179
1003408	180
1003416	181
1003424	182
1003433	183
1003441	184
1003449	185
1003457	186
1003466	187
1003474	188
1003482	189
1003491	190
1003499	191
1003508	192
1003516	193
1003525	194
1003533	195
1003542	196
1003551	197
1003559	198
1003568	199
1003577	200
1003586	201
1003594	202
1003603	203
1003612	204
1003621	205
1003630	206
1003639	207
1003649	208
1003658	209
1003667	210
1003676	211
1003686	212
1003695	213
1003704	214
1003714	215
1003723	216
1003733	217
1003742	218
1003752	219
1003762	220
1003771	221
1003781	222
1003791	223
1003801	224
1003806	112
1003809	113
1003817	114
1003825	115
1003833	116
1003841	117
1003849	118
1003857	119
1003865	120
1003873	121
1003882	122
1003890	123
1003898	124
1003906	125
1003914	126
1003922	127
1003930	128
1003938	129
1003946	130
1003954	131
1003963	132
1003971	133
1003979	134
1003987	135
1003995	136
1004003	137
1004011	138
1004019	139
1004027	140
1004035	141
1004044	142
1004052	143
1004060	144
1004068	145
1004076	146
1004084	147
1004092	148
1004100	149
1004108	150
1004116	151
1004124	152
1004133	153
1004141	154
1004149	155
1004157	156
1004165	157
1004173	158
1004181	159
1004189	160
1004197	161
1004205	162
1004214	163
1004222	164
1004230	165
1004238	166
1004246	167
1004254	168
1004262	169
1004270	170
1004278	171
1004287	172
1004295	173
1004303	174
1004311	175
1004319	176
1004327	177
1004335	178
1004343	179
1004352	180
1004360	181
1004368	182
1004376	183
1004384	184
1004393	185
1004401	186
1004409	187
1004418	188
1004426	189
1004434	190
1004443	191
1004451	192
1004460	193
1004468	194
1004477	195
1004485	196
1004494	197
1004503	198
1004511	199
1004520	200
1004529	201
1004538	202
1004547	203
1004556	204
1004564	205
1004574	206
1004583	207
1004592	208
1004601	209
1004610	210
1004619	211
1004629	212
1004638	213
1004647	214
1004657	215
1004666	216
1004676	217
1004685	218
1004695	219
1004704	220
1004714	221
1004724	222
1004734	223
1004743	224
1004751	112
1004753	113
1004755	114
1004764	115
1004772	116
1004780	117
1004788	118
1004796	119
1004804	120
1004812	121
1004820	122
1004828	123
1004836	124
1004845	125
1004853	126
1004861	127
1004869	128
1004877	129
1004885	130
1004893	131
1004901	132
1004909	133
1004917	134
1004926	135
1004934	136
1004942	137
1004950	138
1004958	139
1004966	140
1004974	141
1004982	142
1004990	143
1004998	144
1005007	145
1005015	146
1005023	147
1005031	148
1005039	149
1005047	150
1005055	151
1005063	152
1005071	153
1005080	154
1005088	155
1005096	156
1005104	157
1005112	158
1005120	159
1005128	160
1005136	161
1005144	162
1005153	163
1005161	164
1005169	165
1005177	166
1005185	167
1005193	168
1005201	169
1005209	170
1005218	171
1005226	172
1005234	173
1005242	174
1005250	175
1005258	176
1005266	177
1005274	178
1005282	179
1005291	180
1005299	181
1005307	182
1005315	183
1005323	184
1005332	185
1005340	186
1005348	187
1005357	188
1005365	189
1005373	190
1005382	191
1005390	192
1005399	193
1005407	194
1005416	195
1005424	196
1005433	197
1005441	198
1005450	199
1005459	200
1005468	201
1005476	202
1005485	203
1005494	204
1005503	205
1005512	206
1005521	207
1005530	208
1005539	209
1005549	210
1005558	211
1005567	212
1005576	213
1005586	214
1005595	215
1005605	216
1005614	217
1005624	218
1005633	219
1005643	220
1005652	221
1005662	222
1005672	223
1005682	224
1005692	225
1005697	112
1005698	113
1005701	114
1005709	115
1005717	116
1005725	117
1005734	118
1005742	119
1005750	120
1005758	121
1005766	122
1005774	123
1005782	124
1005790	125
1005798	126
1005806	127
1005814	128
1005823	129
1005831	130
1005839	131
1005847	132
1005855	133
1005863	134
1005871	135
1005879	136
1005887	137
1005895	138
1005904	139
1005912	140
1005920	141
1005928	142
1005936	143
1005944	144
1005952	145
1005960	146
1005968	147
1005976	148
1005985	149
1005993	150
1006001	151
1006009	152
1006017	153
1006025	154
1006033	155
1006041	156
1006049	157
1006057	158
1006066	159
1006074	160
1006082	161
1006090	162
1006098	163
1006106	164
1006114	165
1006122	166
1006131	167
1006139	168
1006147	169
1006155	170
1006163	171
1006171	172
1006179	173
1006187	174
1006195	175
1006204	176
1006212	177
1006220	178
1006228	179
1006236	180
1006244	181
1006252	182
1006261	183
1006269	184
1006277	185
1006285	186
1006294	187
1006302	188
1006310	189
1006319	190
1006327	191
1006336	192
1006344	193
1006353	194
1006361	195
1006370	196
1006378	197
1006387	198
1006396	199
1006404	200
1006413	201
1006422	202
1006431	203
1006440	204
1006449	205
1006458	206
1006467	207
1006476	208
1006485	209
1006494	210
1006503	211
1006513	212
1006522	213
1006531	214
1006541	215
1006550	216
1006560	217
1006569	218
1006579	219
1006588	220
1006598	221
1006608	222
1006617	223
1006627	224
1006637	225
1006643	112
1006644	113
1006647	114
1006655	115
1006663	116
1006671	117
1006679	118
1006688	119
1006696	120
1006704	121
1006712	122
1006720	123
1006728	124
1006736	125
1006744	126
1006752	127
1006760	128
1006769	129
1006777	130
1006785	131
1006793	132
1006801	133
1006809	134
1006817	135
1006825	136
1006833	137
1006841	138
1006849	139
1006858	140
1006866	141
1006874	142
1006882	143
1006890	144
1006898	145
1006906	146
1006914	147
1006922	148
1006930	149
1006939	150
1006947	151
1006955	152
1006963	153
1006971	154
1006979	155
1006987	156
1006995	157
1007003	158
1007012	159
1007020	160
1007028	161
1007036	162
1007044	163
1007052	164
1007060	165
1007068	166
1007076	167
1007085	168
1007093	169
1007101	170
1007109	171
1007117	172
1007125	173
1007133	174
1007141	175
1007150	176
1007158	177
1007166	178
1007174	179
1007182	180
1007190	181
1007198	182
1007207	183
1007215	184
1007223	185
1007231	186
1007240	187
1007248	188
1007256	189
1007265	190
1007273	191
1007282	192
1007290	193
1007298	194
1007307	195
1007316	196
1007324	197
1007333	198
1007342	199
1007350	200
1007359	201
1007368	202
1007377	203
1007386	204
1007395	205
1007404	206
1007413	207
1007422	208
1007431	209
1007440	210
1007449	211
1007458	212
1007468	213
1007477	214
1007487	215
1007496	216
1007505	217
1007515	218
1007525	219
1007534	220
1007544	221
1007554	222
1007563	223
1007573	224
1007583	225
1007589	112
1007590	113
1007593	114
1007601	115
1007609	116
1007617	117
1007625	118
1007634	119
1007642	120
1007650	121
1007658	122
1007666	123
1007674	124
1007682	125
1007690	126
1007698	127
1007706	128
1007715	129
1007723	130
1007731	131
1007739	132
1007747	133
1007755	134
1007763	135
1007771	136
1007779	137
1007787	138
1007796	139
1007804	140
1007812	141
1007820	142
1007828	143
1007836	144
1007844	145
1007852	146
1007860	147
1007868	148
1007876	149
1007885	150
1007893	151
1007901	152
1007909	153
1007917	154
1007925	155
1007933	156
1007941	157
1007949	158
1007958	159
1007966	160
1007974	161
1007982	162
1007990	163
1007998	164
1008006	165
1008014	166
1008023	167
1008031	168
1008039	169
1008047	170
1008055	171
1008063	172
1008071	173
1008079	174
1008087	175
1008096	176
1008104	177
1008112	178
1008120	179
1008128	180
1008136	181
1008144	182
1008153	183
1008161	184
1008169	185
1008177	186
1008186	187
1008194	188
1008202	189
1008211	190
1008219	191
1008228	192
1008236	193
1008245	194
1008253	195
1008262	196
1008270	197
1008279	198
1008288	199
1008296	200
1008305	201
1008314	202
1008323	203
1008332	204
1008341	205
1008350	206
1008359	207
1008368	208
1008377	209
1008386	210
1008395	211
1008405	212
1008414	213
1008423	214
1008433	215
1008442	216
1008452	217
1008461	218
1008471	219
1008480	220
1008490	221
1008500	222
1008509	223
1008519	224
1008529	225
1008535	112
1008536	113
1008539	114
1008547	115
1008555	116
1008563	117
1008572	118
1008580	119
1008588	120
1008596	121
1008604	122
1008612	123
1008620	124
1008628	125
1008636	126
1008644	127
1008653	128
1008661	129
1008669	130
1008677	131
1008685	132
1008693	133
1008701	134
1008709	135
1008717	136
1008725	137
1008734	138
1008742	139
1008750	140
1008758	141
1008766	142
1008774	143
1008782	144
1008790	145
1008798	146
1008806	147
1008814	148
1008823	149
1008831	150
1008839	151
1008847	152
1008855	153
1008863	154
1008871	155
1008879	156
1008887	157
1008896	158
1008904	159
1008912	160
1008920	161
1008928	162
1008936	163
1008944	164
1008952	165
1008960	166
1008969	167
1008977	168
1008985	169
1008993	170
1009001	171
1009009	172
1009017	173
1009025	174
1009034	175
1009042	176
1009050	177
1009058	178
1009066	179
1009074	180
1009082	181
1009091	182
1009099	183
1009107	184
1009115	185
1009124	186
1009132	187
1009140	188
1009149	189
1009157	190
1009165	191
1009174	192
1009182	193
1009191	194
1009199	195
1009208	196
1009216	197
1009225	198
1009234	199
1009242	200
1009251	201
1009260	202
1009269	203
1009278	204
1009287	205
1009296	206
1009305	207
1009314	208
1009323	209
1009332	210
1009341	211
1009351	212
1009360	213
1009369	214
1009379	215
1009388	216
1009398	217
1009407	218
1009417	219
1009426	220
1009436	221
1009446	222
1009455	223
1009465	224
1009475	225
1009481	112
1009483	113
1009485	114
1009493	115
1009501	116
1009510	117
1009518	118
1009526	119
1009534	120
1009542	121
1009550	122
1009558	123
1009566	124
1009574	125
1009582	126
1009591	127
1009599	128
1009607	129
1009615	130
1009623	131
1009631	132
1009639	133
1009647	134
1009655	135
1009663	136
1009671	137
1009680	138
1009688	139
1009696	140
1009704	141
1009712	142
1009720	143
1009728	144
1009736	145
1009744	146
1009752	147
1009761	148
1009769	149
1009777	150
1009785	151
1009793	152
1009801	153
1009809	154
1009817	155
1009825	156
1009833	157
1009842	158
1009850	159
1009858	160
1009866	161
1009874	162
1009882	163
1009890	164
1009898	165
1009907	166
1009915	167
1009923	168
1009931	169
1009939	170
1009947	171
1009955	172
1009963	173
1009971	174
1009980	175
1009988	176
1009996	177
