1000000	1
1000008	2
1000016	3
1000024	4
1000032	5
1000040	6
1000048	7
1000056	8
1000064	9
1000072	10
1000088	11
1000096	12
1000104	13
1000112	14
1000120	15
1000129	16
1000137	17
1000145	18
1000153	19
1000161	20
1000169	21
1000177	22
1000185	23
1000193	24
1000201	25
1000210	26
1000218	27
1000226	28
1000234	29
1000242	30
1000250	31
1000258	32
1000266	33
1000274	34
1000282	35
1000290	36
1000298	37
1000307	38
1000315	39
1000323	40
1000331	41
1000339	42
1000347	43
1000355	44
1000363	45
1000371	46
1000379	47
1000387	48
1000395	49
1000404	50
1000412	51
1000420	52
1000428	53
1000436	54
1000444	55
1000452	56
1000460	57
1000468	58
1000476	59
1000484	60
1000492	61
1000501	62
1000509	63
1000517	64
1000525	65
1000533	66
1000541	67
1000549	68
1000557	69
1000565	70
1000573	71
1000581	72
1000589	73
1000598	74
1000606	75
1000614	76
1000622	77
1000630	78
1000638	79
1000646	80
1000654	81
1000662	82
1000670	83
1000678	84
1000686	85
1000695	86
1000703	87
1000711	88
1000719	89
1000727	90
1000735	91
1000743	92
1000751	93
1000759	94
1000767	95
1000775	96
1000783	97
1000792	98
1000800	99
1000808	100
1000816	101
1000824	102
1000832	103
1000840	104
1000848	105
1000856	106
1000864	107
1000872	108
1000880	109
1000889	110
1000897	111
1000905	112
1000913	113
1000921	114
1000929	115
1000937	116
1000945	117
1000953	118
1000961	119
1000969	120
1000977	121
1000986	122
1000994	123
1001002	124
1001010	125
1001018	126
1001026	127
1001034	128
1001042	129
1001050	130
1001058	131
1001066	132
1001074	133
1001083	134
1001091	135
1001099	136
1001107	137
1001115	138
1001123	139
1001131	140
1001139	141
1001148	142
1001156	143
1001164	144
1001172	145
1001180	146
1001188	147
1001196	148
1001204	149
1001212	150
1001221	151
1001229	152
1001237	153
1001245	154
1001253	155
1001261	156
1001269	157
1001277	158
1001286	159
1001294	160
1001302	161
1001310	162
1001318	163
1001326	164
1001334	165
1001342	166
1001351	167
1001359	168
1001367	169
1001375	170
1001383	171
1001391	172
1001399	173
1001407	174
1001415	175
1001424	176
1001432	177
1001440	178
1001448	179
1001456	180
1001464	181
1001472	182
1001480	183
1001489	184
1001497	185
1001505	186
1001513	187
1001521	188
1001529	189
1001538	190
1001546	191
1001554	192
1001562	193
1001571	194
1001579	195
1001588	196
1001596	197
1001604	198
1001613	199
1001621	200
1001630	201
1001638	202
1001647	203
1001656	204
1001664	205
1001673	206
1001682	207
1001691	208
1001700	209
1001709	210
1001717	211
1001726	212
1001736	213
1001745	214
1001754	215
1001763	216
1001772	217
1001781	218
1001791	219
1001800	220
1001809	221
1001819	222
1001828	223
1001838	224
1001847	225
1001857	226
1001867	227
1001876	228
1001886	229
1001896	230
1001906	231
1001915	115
1001919	116
1001922	117
1001930	118
1001938	119
1001946	120
1001954	121
1001962	122
1001970	123
1001979	124
1001987	125
1001995	126
1002003	127
1002011	128
1002019	129
1002027	130
1002035	131
1002043	132
1002051	133
1002060	134
1002068	135
1002076	136
1002084	137
1002092	138
1002100	139
1002108	140
1002116	141
1002124	142
1002132	143
1002140	144
1002149	145
1002157	146
1002165	147
1002173	148
1002181	149
1002189	150
1002197	151
1002205	152
1002213	153
1002221	154
1002230	155
1002238	156
1002246	157
1002254	158
1002262	159
1002270	160
1002278	161
1002286	162
1002294	163
1002302	164
1002310	165
1002319	166
1002327	167
1002335	168
1002343	169
1002351	170
1002359	171
1002367	172
1002375	173
1002383	174
1002391	175
1002400	176
1002408	177
1002416	178
1002424	179
1002432	180
1002440	181
1002448	182
1002456	183
1002464	184
1002473	185
1002481	186
1002489	187
1002497	188
1002506	189
1002514	190
1002522	191
1002531	192
1002539	193
1002547	194
1002556	195
1002564	196
1002573	197
1002581	198
1002590	199
1002599	200
1002607	201
1002616	202
1002625	203
1002634	204
1002642	205
1002651	206
1002660	207
1002669	208
1002678	209
1002687	210
1002696	211
1002706	212
1002715	213
1002724	214
1002733	215
1002743	216
1002752	217
1002761	218
1002771	219
1002780	220
1002790	221
1002800	222
1002809	223
1002819	224
1002829	225
1002838	226
1002848	227
1002858	228
1002860	114
1002867	115
1002876	116
1002884	117
1002892	118
1002901	119
1002909	120
1002917	121
1002925	122
1002933	123
1002941	124
1002949	125
1002957	126
1002965	127
1002973	128
1002981	129
1002990	130
1002998	131
1003006	132
1003014	133
1003022	134
1003030	135
1003038	136
1003046	137
1003054	138
1003062	139
1003071	140
1003079	141
1003087	142
1003095	143
1003103	144
1003111	145
1003119	146
1003127	147
1003135	148
1003143	149
1003151	150
1003160	151
1003168	152
1003176	153
1003184	154
1003192	155
1003200	156
1003208	157
1003216	158
1003224	159
1003232	160
1003241	161
1003249	162
1003257	163
1003265	164
1003273	165
1003281	166
1003289	167
1003297	168
1003305	169
1003313	170
1003321	171
1003330	172
1003338	173
1003346	174
1003354	175
1003362	176
1003370	177
1003378	178
1003386	179
1003394	180
1003403	181
1003411	182
1003419	183
1003427	184
1003435	185
1003444	186
1003452	187
1003460	188
1003469	189
1003477	190
1003485	191
1003494	192
1003502	193
1003511	194
1003519	195
1003528	196
1003536	197
1003545	198
1003554	199
1003562	200
1003571	201
1003580	202
1003589	203
1003598	204
1003607	205
1003616	206
1003625	207
1003634	208
1003643	209
1003652	210
1003661	211
1003670	212
1003680	213
1003689	214
1003698	215
1003708	216
1003717	217
1003727	218
1003736	219
1003746	220
1003756	221
1003765	222
1003775	223
1003785	224
1003794	225
1003804	226
1003806	113
1003813	114
1003822	115
1003830	116
1003838	117
1003846	118
1003854	119
1003862	120
1003870	121
1003878	122
1003886	123
1003894	124
1003903	125
1003911	126
1003919	127
1003927	128
1003935	129
1003943	130
1003951	131
1003959	132
1003967	133
1003975	134
1003983	135
1003992	136
1004000	137
1004008	138
1004016	139
1004024	140
1004032	141
1004040	142
1004048	143
1004056	144
1004064	145
1004073	146
1004081	147
1004089	148
1004097	149
1004105	150
1004113	151
1004121	152
1004129	153
1004137	154
1004145	155
1004153	156
1004162	157
1004170	158
1004178	159
1004186	160
1004194	161
1004202	162
1004210	163
1004218	164
1004226	165
1004234	166
1004243	167
1004251	168
1004259	169
1004267	170
1004275	171
1004283	172
1004291	173
1004299	174
1004307	175
1004315	176
1004323	177
1004332	178
1004340	179
1004348	180
1004356	181
1004364	182
1004372	183
1004381	184
1004389	185
1004397	186
1004405	187
1004414	188
1004422	189
1004430	190
1004439	191
1004447	192
1004456	193
1004464	194
1004473	195
1004481	196
1004490	197
1004499	198
1004507	199
1004516	200
1004525	201
1004534	202
1004543	203
1004551	204
1004560	205
1004569	206
1004578	207
1004588	208
1004597	209
1004606	210
1004615	211
1004624	212
1004634	213
1004643	214
1004652	215
1004662	216
1004671	217
1004681	218
1004690	219
1004700	220
1004710	221
1004719	222
1004729	223
1004739	224
1004749	225
1004759	226
1004760	113
1004766	114
1004769	115
1004777	116
1004785	117
1004793	118
1004801	119
1004809	120
1004817	121
1004825	122
1004834	123
1004842	124
1004850	125
1004858	126
1004866	127
1004874	128
1004882	129
1004890	130
1004898	131
1004906	132
1004914	133
1004923	134
1004931	135
1004939	136
1004947	137
1004955	138
1004963	139
1004971	140
1004979	141
1004987	142
1004995	143
1005004	144
1005012	145
1005020	146
1005028	147
1005036	148
1005044	149
1005052	150
1005060	151
1005068	152
1005076	153
1005084	154
1005093	155
1005101	156
1005109	157
1005117	158
1005125	159
1005133	160
1005141	161
1005149	162
1005157	163
1005165	164
1005174	165
1005182	166
1005190	167
1005198	168
1005206	169
1005214	170
1005222	171
1005230	172
1005238	173
1005246	174
1005254	175
1005263	176
1005271	177
1005279	178
1005287	179
1005295	180
1005303	181
1005311	182
1005320	183
1005328	184
1005336	185
1005344	186
1005353	187
1005361	188
1005370	189
1005378	190
1005386	191
1005395	192
1005403	193
1005412	194
1005420	195
1005429	196
1005438	197
1005446	198
1005455	199
1005464	200
1005472	201
1005481	202
1005490	203
1005499	204
1005508	205
1005517	206
1005526	207
1005535	208
1005544	209
1005554	210
1005563	211
1005572	212
1005582	213
1005591	214
1005600	215
1005610	216
1005619	217
1005629	218
1005638	219
1005648	220
1005658	221
1005667	222
1005677	223
1005687	224
1005697	225
1005697	112
1005703	113
1005706	114
1005715	115
1005723	116
1005731	117
1005739	118
1005747	119
1005755	120
1005763	121
1005771	122
1005779	123
1005788	124
1005796	125
1005804	126
1005812	127
1005820	128
1005828	129
1005836	130
1005844	131
1005852	132
1005860	133
1005868	134
1005877	135
1005885	136
1005893	137
1005901	138
1005909	139
1005917	140
1005925	141
1005933	142
1005941	143
1005949	144
1005957	145
1005966	146
1005974	147
1005982	148
1005990	149
1005998	150
1006006	151
1006014	152
1006022	153
1006030	154
1006038	155
1006047	156
1006055	157
1006063	158
1006071	159
1006079	160
1006087	161
1006095	162
1006103	163
1006111	164
1006119	165
1006127	166
1006136	167
1006144	168
1006152	169
1006160	170
1006168	171
1006176	172
1006184	173
1006192	174
1006200	175
1006208	176
1006217	177
1006225	178
1006233	179
1006241	180
1006249	181
1006257	182
1006265	183
1006274	184
1006282	185
1006290	186
1006299	187
1006307	188
1006315	189
1006324	190
1006332	191
1006341	192
1006349	193
1006358	194
1006366	195
1006375	196
1006383	197
1006392	198
1006401	199
1006409	200
1006418	201
1006427	202
1006436	203
1006445	204
1006454	205
1006463	206
1006472	207
1006481	208
1006490	209
1006499	210
1006509	211
1006518	212
1006527	213
1006537	214
1006546	215
1006556	216
1006565	217
1006575	218
1006584	219
1006594	220
1006604	221
1006613	222
1006623	223
1006633	224
1006643	225
1006643	112
1006649	113
1006652	114
1006661	115
1006669	116
1006677	117
1006685	118
1006693	119
1006701	120
1006709	121
1006717	122
1006725	123
1006733	124
1006742	125
1006750	126
1006758	127
1006766	128
1006774	129
1006782	130
1006790	131
1006798	132
1006806	133
1006814	134
1006823	135
1006831	136
1006839	137
1006847	138
1006855	139
1006863	140
1006871	141
1006879	142
1006887	143
1006895	144
1006903	145
1006912	146
1006920	147
1006928	148
1006936	149
1006944	150
1006952	151
1006960	152
1006968	153
1006976	154
1006984	155
1006993	156
1007001	157
1007009	158
1007017	159
1007025	160
1007033	161
1007041	162
1007049	163
1007057	164
1007065	165
1007073	166
1007082	167
1007090	168
1007098	169
1007106	170
1007114	171
1007122	172
1007130	173
1007138	174
1007146	175
1007154	176
1007163	177
1007171	178
1007179	179
1007187	180
1007195	181
1007203	182
1007212	183
1007220	184
1007228	185
1007236	186
1007245	187
1007253	188
1007261	189
1007270	190
1007278	191
1007287	192
1007295	193
1007304	194
1007312	195
1007321	196
1007329	197
1007338	198
1007347	199
1007355	200
1007364	201
1007373	202
1007382	203
1007391	204
1007400	205
1007409	206
1007418	207
1007427	208
1007436	209
1007446	210
1007455	211
1007464	212
1007473	213
1007483	214
1007492	215
1007502	216
1007511	217
1007521	218
1007530	219
1007540	220
1007550	221
1007559	222
1007569	223
1007579	224
1007589	225
1007589	112
1007595	113
1007598	114
1007607	115
1007615	116
1007623	117
1007631	118
1007639	119
1007647	120
1007655	121
1007663	122
1007671	123
1007680	124
1007688	125
1007696	126
1007704	127
1007712	128
1007720	129
1007728	130
1007736	131
1007744	132
1007752	133
1007761	134
1007769	135
1007777	136
1007785	137
1007793	138
1007801	139
1007809	140
1007817	141
1007825	142
1007833	143
1007841	144
1007850	145
1007858	146
1007866	147
1007874	148
1007882	149
1007890	150
1007898	151
1007906	152
1007914	153
1007922	154
1007931	155
1007939	156
1007947	157
1007955	158
1007963	159
1007971	160
1007979	161
1007987	162
1007995	163
1008003	164
1008011	165
1008020	166
1008028	167
1008036	168
1008044	169
1008052	170
1008060	171
1008068	172
1008076	173
1008084	174
1008092	175
1008100	176
1008109	177
1008117	178
1008125	179
1008133	180
1008141	181
1008149	182
1008158	183
1008166	184
1008174	185
1008182	186
1008191	187
1008199	188
1008207	189
1008216	190
1008224	191
1008233	192
1008241	193
1008250	194
1008258	195
1008267	196
1008275	197
1008284	198
1008293	199
1008302	200
1008310	201
1008319	202
1008328	203
1008337	204
1008346	205
1008355	206
1008364	207
1008373	208
1008382	209
1008392	210
1008401	211
1008410	212
1008419	213
1008429	214
1008438	215
1008448	216
1008457	217
1008467	218
1008476	219
1008486	220
1008496	221
1008505	222
1008515	223
1008525	224
1008535	225
1008535	112
1008541	113
1008544	114
1008553	115
1008561	116
1008569	117
1008577	118
1008585	119
1008593	120
1008601	121
1008609	122
1008618	123
1008626	124
1008634	125
1008642	126
1008650	127
1008658	128
1008666	129
1008674	130
1008682	131
1008690	132
1008698	133
1008707	134
1008715	135
1008723	136
1008731	137
1008739	138
1008747	139
1008755	140
1008763	141
1008771	142
1008779	143
1008788	144
1008796	145
1008804	146
1008812	147
1008820	148
1008828	149
1008836	150
1008844	151
1008852	152
1008860	153
1008868	154
1008877	155
1008885	156
1008893	157
1008901	158
1008909	159
1008917	160
1008925	161
1008933	162
1008941	163
1008949	164
1008958	165
1008966	166
1008974	167
1008982	168
1008990	169
1008998	170
1009006	171
1009014	172
1009022	173
1009030	174
1009038	175
1009047	176
1009055	177
1009063	178
1009071	179
1009079	180
1009087	181
1009095	182
1009104	183
1009112	184
1009120	185
1009128	186
1009137	187
1009145	188
1009153	189
1009162	190
1009170	191
1009179	192
1009187	193
1009196	194
1009204	195
1009213	196
1009221	197
1009230	198
1009239	199
1009248	200
1009256	201
1009265	202
1009274	203
1009283	204
1009292	205
1009301	206
1009310	207
1009319	208
1009328	209
1009338	210
1009347	211
1009356	212
1009366	213
1009375	214
1009384	215
1009394	216
1009403	217
1009413	218
1009422	219
1009432	220
1009442	221
1009451	222
1009461	223
1009471	224
1009481	225
1009481	112
1009487	113
1009490	114
1009499	115
1009507	116
1009515	117
1009523	118
1009531	119
1009539	120
1009547	121
1009556	122
1009564	123
1009572	124
1009580	125
1009588	126
1009596	127
1009604	128
1009612	129
1009620	130
1009628	131
1009636	132
1009645	133
1009653	134
1009661	135
1009669	136
1009677	137
1009685	138
1009693	139
1009701	140
1009709	141
1009717	142
1009726	143
1009734	144
1009742	145
1009750	146
1009758	147
1009766	148
1009774	149
1009782	150
1009790	151
1009798	152
1009806	153
1009815	154
1009823	155
1009831	156
1009839	157
1009847	158
1009855	159
1009863	160
1009871	161
1009879	162
1009887	163
1009896	164
1009904	165
1009912	166
1009920	167
1009928	168
1009936	169
1009944	170
1009952	171
1009960	172
1009968	173
1009976	174
1009985	175
1009993	176
