1000000	1
1000008	2
1000018	1
1000027	2
1000035	3
1000043	4
1000051	5
1000059	6
1000067	7
1000075	8
1000083	9
1000092	10
1000107	11
1000115	12
1000124	13
1000132	14
1000140	15
1000148	16
1000156	17
1000164	18
1000172	19
1000180	20
1000188	21
1000197	22
1000205	23
1000213	24
1000221	25
1000229	26
1000237	27
1000245	28
1000253	29
1000261	30
1000270	31
1000278	32
1000286	33
1000294	34
1000302	17
1000302	18
1000309	19
1000318	20
1000326	21
1000334	22
1000342	23
1000350	24
1000358	25
1000366	26
1000374	27
1000382	28
1000391	29
1000399	30
1000407	31
1000415	32
1000423	33
1000431	34
1000439	35
1000447	36
1000455	37
1000464	38
1000472	39
1000480	40
1000488	41
1000496	42
1000504	43
1000512	44
1000520	45
1000528	46
1000537	47
1000545	48
1000553	49
1000561	50
1000569	51
1000577	52
1000585	53
1000593	54
1000601	55
1000609	27
1000609	28
1000616	29
1000625	30
1000633	31
1000641	32
1000649	33
1000657	34
1000665	35
1000673	36
1000681	37
1000689	38
1000698	39
1000706	40
1000714	41
1000722	42
1000730	43
1000738	44
1000746	45
1000754	46
1000762	47
1000771	48
1000779	49
1000787	50
1000795	51
1000803	52
1000811	53
1000819	54
1000827	55
1000835	56
1000844	57
1000852	58
1000860	59
1000868	60
1000876	61
1000884	62
1000892	63
1000900	64
1000901	32
1000908	33
1000909	34
1000917	35
1000925	36
1000933	37
1000942	38
1000950	39
1000958	40
1000966	41
1000974	42
1000982	43
1000990	44
1000998	45
1001006	46
1001014	47
1001023	48
1001031	49
1001039	50
1001047	51
1001055	52
1001063	53
1001071	54
1001080	55
1001088	56
1001096	57
1001104	58
1001112	59
1001120	60
1001127	30
1001128	31
1001135	32
1001143	33
1001151	34
1001159	35
1001167	36
1001175	37
1001184	38
1001192	39
1001200	40
1001208	41
1001216	42
1001224	43
1001232	44
1001240	45
1001248	46
1001257	47
1001265	48
1001273	49
1001281	50
1001289	51
1001297	52
1001305	53
1001314	54
1001322	55
1001330	56
1001338	57
1001346	58
1001354	59
1001362	60
1001370	61
1001379	62
1001387	63
1001395	64
1001403	65
1001411	66
1001419	67
1001427	68
1001435	69
1001443	70
1001452	71
1001460	72
1001468	73
1001476	74
1001484	75
1001492	76
1001500	77
1001508	78
1001516	79
1001524	80
1001532	81
1001540	82
1001549	83
1001557	84
1001565	85
1001573	86
1001581	87
1001590	88
1001598	89
1001606	90
1001614	91
1001622	92
1001630	93
1001638	94
1001646	95
1001654	96
1001662	97
1001671	98
1001679	99
1001687	100
1001695	101
1001703	102
1001711	103
1001719	104
1001727	105
1001735	106
1001743	107
1001752	108
1001760	109
1001768	110
1001776	111
1001784	112
1001792	113
1001800	114
1001808	115
1001816	116
1001825	117
1001832	58
1001832	59
1001838	60
1001846	61
1001854	62
1001862	63
1001870	64
1001878	65
1001886	66
1001895	67
1001903	68
1001911	69
1001919	70
1001927	71
1001935	72
1001943	73
1001951	74
1001959	75
1001968	76
1001976	77
1001984	78
1001992	79
1002000	80
1002008	81
1002016	82
1002024	83
1002032	84
1002041	85
1002049	86
1002057	87
1002065	88
1002073	89
1002081	90
1002089	91
1002097	92
1002105	93
1002114	94
1002122	95
1002130	96
1002138	97
1002146	98
1002155	99
1002163	100
1002171	101
1002179	102
1002187	103
1002195	104
1002203	105
1002211	106
1002220	107
1002228	108
1002236	109
1002244	110
1002252	111
1002260	112
1002268	113
1002276	114
1002284	115
1002292	116
1002300	117
1002308	118
1002317	119
1002325	120
1002332	60
1002333	61
1002339	62
1002347	63
1002355	64
1002363	65
1002371	66
1002379	67
1002387	68
1002396	69
1002404	70
1002412	71
1002420	72
1002428	73
1002436	74
1002445	75
1002453	76
1002461	77
1002469	78
1002477	79
1002485	80
1002493	81
1002501	82
1002509	83
1002517	84
1002526	85
1002534	86
1002542	87
1002550	88
1002558	89
1002567	90
1002575	91
1002583	92
1002591	93
1002599	94
1002607	95
1002615	96
1002623	97
1002631	98
1002640	99
1002648	100
1002656	101
1002664	102
1002672	103
1002680	104
1002688	105
1002697	106
1002705	107
1002713	108
1002721	109
1002729	110
1002737	111
1002745	112
1002753	113
1002761	114
1002770	115
1002778	116
1002786	117
1002794	118
1002802	119
1002809	59
1002810	60
1002815	61
1002823	62
1002831	63
1002840	64
1002848	65
1002856	66
1002864	67
1002872	68
1002880	69
1002888	70
1002896	71
1002904	72
1002912	73
1002921	74
1002929	75
1002937	76
1002945	77
1002953	78
1002961	79
1002969	80
1002977	81
1002986	82
1002994	83
1003002	84
1003010	85
1003018	86
1003026	87
1003034	88
1003042	89
1003050	90
1003059	91
1003067	92
1003075	93
1003083	94
1003085	47
1003091	48
1003093	49
1003101	50
1003109	51
1003117	52
1003125	53
1003133	54
1003141	55
1003149	56
1003157	57
1003165	58
1003174	59
1003182	60
1003190	61
1003198	62
1003212	63
1003220	64
1003228	65
1003236	66
1003244	67
1003253	68
1003261	69
1003269	70
1003277	71
1003285	72
1003286	36
1003293	37
1003294	38
1003302	39
1003310	40
1003319	41
1003327	42
1003335	43
1003343	44
1003351	45
1003359	46
1003367	47
1003375	48
1003383	49
1003392	50
1003400	51
1003408	52
1003416	53
1003424	54
1003432	55
1003440	56
1003448	57
1003456	58
1003464	59
1003472	60
1003481	61
1003489	62
1003497	63
1003505	64
1003513	65
1003521	66
1003529	67
1003537	68
1003545	69
1003553	70
1003561	71
1003569	72
1003577	73
1003586	74
1003594	75
1003602	76
1003610	77
1003618	78
1003626	79
1003634	80
1003642	81
1003650	82
1003658	83
1003666	84
1003674	85
1003682	86
1003691	87
1003699	88
1003707	89
1003715	90
1003723	91
1003731	45
1003731	46
1003738	47
1003746	48
1003754	49
1003762	50
1003770	51
1003778	52
1003786	53
1003795	54
1003803	55
1003811	56
1003819	57
1003827	58
1003835	59
1003843	60
1003851	61
1003859	62
1003868	63
1003876	64
1003884	65
1003892	66
1003900	67
1003908	68
1003916	69
1003924	70
1003932	71
1003940	72
1003949	73
1003957	74
1003965	75
1003973	76
1003981	77
1003989	78
1003997	79
1004005	80
1004013	81
1004022	82
1004030	83
1004038	84
1004046	85
1004054	86
1004062	87
1004070	88
1004078	89
1004086	90
1004094	91
1004102	92
1004111	93
1004119	94
1004127	95
1004135	96
1004143	97
1004151	98
1004159	99
1004165	49
1004166	50
1004168	51
1004176	52
1004184	53
1004192	54
1004200	55
1004208	56
1004216	57
1004224	58
1004233	59
1004241	60
1004249	61
1004257	62
1004265	63
1004273	64
1004281	65
1004290	66
1004298	67
1004306	68
1004314	69
1004322	70
1004330	71
1004338	72
1004346	73
1004354	74
1004362	75
1004370	76
1004379	77
1004387	78
1004395	79
1004403	80
1004411	81
1004419	82
1004427	83
1004436	84
1004444	85
1004452	86
1004460	87
1004468	88
1004476	89
1004484	90
1004492	91
1004500	92
1004509	93
1004517	94
1004525	95
1004533	96
1004541	97
1004549	98
1004557	99
1004565	100
1004573	101
1004581	50
1004581	51
1004587	52
1004595	53
1004604	54
1004612	55
1004620	56
1004628	57
1004636	58
1004644	59
1004652	60
1004660	61
1004668	62
1004676	63
1004685	64
1004693	65
1004701	66
1004709	67
1004717	68
1004725	69
1004733	70
1004741	71
1004749	72
1004757	73
1004766	74
1004774	75
1004782	76
1004790	77
1004798	78
1004806	79
1004814	80
1004822	81
1004831	82
1004839	83
1004847	84
1004855	85
1004863	86
1004871	87
1004879	88
1004887	89
1004895	90
1004903	91
1004912	92
1004920	93
1004928	94
1004936	95
1004944	96
1004952	97
1004960	98
1004968	99
1004977	100
1004985	101
1004993	102
1005001	103
1005009	104
1005017	105
1005025	106
1005033	107
1005041	108
1005049	109
1005057	110
1005066	111
1005074	112
1005082	113
1005090	114
1005098	115
1005106	116
1005114	117
1005122	118
1005130	119
1005138	120
1005147	121
1005155	122
1005163	123
1005163	61
1005164	62
1005170	63
1005178	64
1005186	65
1005194	66
1005202	67
1005210	68
1005219	69
1005227	70
1005235	71
1005243	72
1005251	73
1005259	74
1005267	75
1005276	76
1005284	77
1005292	78
1005300	79
1005308	80
1005316	81
1005324	82
1005332	83
1005340	84
1005348	85
1005357	86
1005365	87
1005373	88
1005381	89
1005389	90
1005397	91
1005405	92
1005414	93
1005422	94
1005430	95
1005438	96
1005446	97
1005454	98
1005462	99
1005471	100
1005479	101
1005487	102
1005495	103
1005503	104
1005511	105
1005519	52
1005519	53
1005525	54
1005533	55
1005541	56
1005549	57
1005558	58
1005566	59
1005574	60
1005582	61
1005590	62
1005598	63
1005606	64
1005614	65
1005622	66
1005631	67
1005639	68
1005647	69
1005655	70
1005663	71
1005671	72
1005679	73
1005687	74
1005695	75
1005703	76
1005711	77
1005720	78
1005728	79
1005736	80
1005744	81
1005752	82
1005760	83
1005768	84
1005776	85
1005784	86
1005793	87
1005801	88
1005809	89
1005817	90
1005825	91
1005833	92
1005841	93
1005849	94
1005857	47
1005858	48
1005864	49
1005872	50
1005880	51
1005888	52
1005896	53
1005904	54
1005912	55
1005921	56
1005929	57
1005937	58
1005945	59
1005953	60
1005961	61
1005969	62
1005977	63
1005986	64
1005994	65
1006002	66
1006010	67
1006018	68
1006026	69
1006034	70
1006042	71
1006051	72
1006059	73
1006067	74
1006075	75
1006083	76
1006091	77
1006099	78
1006107	79
1006109	39
1006114	40
1006116	41
1006124	42
1006132	43
1006140	44
1006148	45
1006156	46
1006164	47
1006172	48
1006181	49
1006189	50
1006197	51
1006205	52
1006213	53
1006221	54
1006229	55
1006237	56
1006245	57
1006254	58
1006262	59
1006270	60
1006278	61
1006286	62
1006294	63
1006302	64
1006310	65
1006318	66
1006327	67
1006335	68
1006343	69
1006351	70
1006359	71
1006367	72
1006375	73
1006383	74
1006391	75
1006399	76
1006407	77
1006416	78
1006424	79
1006432	80
1006440	81
1006448	82
1006456	83
1006464	84
1006472	85
1006480	86
1006489	87
1006497	88
1006505	89
1006513	90
1006521	91
1006529	92
1006537	93
1006545	94
1006553	95
1006562	96
1006570	97
1006578	98
1006586	99
1006594	100
1006602	101
1006610	102
1006618	103
1006626	104
1006634	105
1006642	106
1006651	107
1006659	108
1006667	109
1006675	110
1006683	111
1006691	112
1006699	113
1006707	114
1006715	115
1006724	116
1006732	117
1006740	118
1006748	119
1006756	120
1006764	121
1006772	122
1006780	123
1006789	124
1006797	125
1006805	126
1006813	127
1006821	128
1006829	129
1006837	130
1006845	131
1006853	132
1006861	133
1006869	134
1006877	135
1006886	136
1006894	137
1006902	138
1006910	139
1006918	140
1006925	70
1006926	71
1006932	72
1006940	73
1006949	74
1006957	75
1006965	76
1006973	77
1006981	78
1006989	79
1006997	80
1007005	81
1007013	82
1007021	83
1007030	84
1007038	85
1007046	86
1007054	87
1007062	88
1007070	89
1007078	90
1007086	91
1007094	92
1007102	93
1007111	94
1007119	95
1007127	96
1007135	97
1007143	98
1007151	99
1007159	100
1007167	101
1007175	102
1007183	51
1007188	52
1007191	53
1007199	54
1007207	55
1007215	56
1007223	57
1007231	58
1007239	59
1007247	60
1007255	61
1007263	62
1007271	63
1007280	64
1007288	65
1007296	66
1007304	67
1007312	68
1007320	69
1007328	70
1007336	71
1007345	72
1007353	73
1007361	74
1007369	75
1007377	76
1007385	77
1007393	78
1007401	79
1007409	80
1007417	81
1007426	82
1007434	83
1007442	84
1007450	85
1007458	86
1007466	87
1007474	88
1007482	89
1007490	90
1007498	91
1007506	92
1007514	93
1007523	94
1007531	95
1007539	96
1007539	48
1007546	49
1007554	50
1007562	51
1007570	52
1007578	53
1007586	54
1007594	55
1007602	56
1007610	57
1007619	58
1007627	59
1007635	60
1007643	61
1007651	62
1007659	63
1007667	64
1007675	65
1007683	66
1007691	67
1007699	68
1007707	69
1007715	70
1007724	71
1007732	72
1007740	73
1007748	74
1007756	75
1007764	76
1007772	77
1007780	78
1007788	79
1007796	80
1007804	81
1007813	82
1007821	83
1007829	84
1007837	85
1007845	86
1007854	87
1007862	88
1007870	89
1007878	90
1007886	91
1007894	92
1007902	93
1007910	94
1007918	95
1007926	96
1007934	97
1007942	98
1007950	99
1007959	100
1007967	101
1007973	50
1007974	51
1007975	52
1007983	53
1007991	54
1008000	55
1008008	56
1008016	57
1008024	58
1008032	59
1008040	60
1008048	61
1008056	62
1008064	63
1008072	64
1008080	65
1008088	66
1008096	67
1008105	68
1008113	69
1008121	70
1008129	71
1008137	72
1008145	73
1008153	74
1008161	75
1008169	76
1008177	77
1008185	78
1008193	79
1008201	80
1008210	81
1008218	82
1008226	83
1008234	84
1008242	85
1008250	86
1008258	87
1008266	88
1008274	89
1008282	90
1008290	91
1008299	92
1008307	93
1008315	94
1008323	95
1008331	96
1008339	97
1008347	98
1008356	99
1008364	100
1008372	101
1008380	102
1008388	103
1008396	104
1008404	105
1008412	106
1008420	107
1008428	108
1008437	109
1008445	110
1008453	111
1008461	112
1008469	113
1008477	114
1008485	115
1008493	116
1008501	117
1008510	118
1008518	119
1008526	120
1008534	121
1008542	122
1008550	123
1008559	124
1008567	125
1008575	126
1008583	127
1008591	128
1008599	129
1008607	130
1008615	131
1008623	132
1008624	66
1008630	67
1008632	68
1008640	69
1008648	70
1008656	71
1008665	72
1008673	73
1008681	74
1008689	75
1008697	76
1008705	77
1008713	78
1008721	79
1008729	80
1008737	81
1008745	82
1008753	83
1008761	84
1008770	85
1008783	86
1008791	87
1008799	88
1008807	89
1008815	90
1008824	91
1008824	45
1008825	46
1008832	47
1008840	48
1008848	49
1008856	50
1008864	51
1008872	52
1008880	53
1008888	54
1008896	55
1008904	56
1008913	57
1008921	58
1008929	59
1008937	60
1008945	61
1008953	62
1008961	63
1008969	64
1008977	65
1008986	66
1008994	67
1009002	68
1009010	69
1009018	70
1009026	71
1009034	72
1009042	73
1009050	74
1009059	75
1009067	76
1009075	77
1009083	78
1009091	79
1009099	80
1009107	81
1009115	82
1009123	83
1009132	84
1009140	85
1009146	42
1009147	43
1009149	44
1009157	45
1009165	46
1009173	47
1009181	48
1009189	49
1009197	50
1009205	51
1009213	52
1009221	53
1009230	54
1009238	55
1009246	56
1009254	57
1009262	58
1009270	59
1009278	60
1009286	61
1009295	62
1009303	63
1009311	64
1009319	65
1009327	66
1009335	67
1009343	68
1009351	69
1009359	70
1009367	71
1009375	72
1009383	73
1009392	74
1009400	75
1009408	76
1009416	77
1009424	78
1009432	79
1009440	80
1009448	81
1009456	82
1009464	83
1009472	84
1009481	85
1009489	86
1009497	87
1009505	88
1009513	89
1009521	90
1009529	91
1009537	92
1009543	46
1009545	47
1009550	48
1009558	49
1009566	50
1009574	51
1009582	52
1009591	53
1009599	54
1009607	55
1009615	56
1009623	57
1009631	58
1009639	59
1009647	60
1009656	61
1009664	62
1009672	63
1009680	64
1009688	65
1009696	66
1009704	67
1009712	68
1009720	69
1009728	70
1009736	71
1009744	72
1009752	73
1009761	74
1009769	75
1009777	76
1009785	77
1009793	78
1009801	79
1009810	80
1009818	81
1009826	82
1009834	83
1009842	84
1009850	85
1009858	86
1009865	43
1009866	44
1009873	45
1009881	46
1009889	47
1009897	48
1009905	49
1009913	50
1009922	51
1009930	52
1009938	53
1009946	54
1009954	55
1009962	56
1009970	57
1009979	58
1009987	59
1009995	60
