1000000	1
1000008	2
1000024	1
1000033	2
1000042	3
1000051	4
1000060	5
1000069	6
1000078	7
1000087	8
1000097	9
1000106	10
1000125	11
1000135	12
1000145	13
1000222	14
1000230	15
1000238	16
1000246	17
1000254	18
1000262	19
1000270	20
1000278	21
1000287	22
1000295	23
1000303	24
1000311	25
1000319	26
1000327	27
1000335	28
1000343	29
1000351	30
1000359	31
1000367	32
1000375	33
1000383	34
1000392	35
1000400	36
1000408	37
1000416	38
1000424	39
1000432	40
1000440	41
1000448	42
1000456	43
1000464	44
1000473	45
1000481	46
1000489	47
1000497	48
1000505	49
1000514	50
1000522	51
1000531	52
1000539	53
1000548	54
1000557	55
1000565	56
1000574	57
1000583	58
1000593	59
1000602	60
1000611	61
1000620	62
1000630	63
1000640	64
1000649	65
1000659	66
1000668	33
1000677	34
1000685	35
1000693	36
1000701	37
1000709	38
1000717	39
1000726	40
1000734	41
1000742	42
1000750	43
1000758	44
1000766	45
1000774	46
1000782	47
1000791	48
1000799	49
1000807	50
1000815	51
1000823	52
1000831	53
1000839	54
1000847	55
1000855	56
1000864	57
1000872	58
1000880	59
1000888	60
1000896	61
1000904	62
1000912	63
1000920	64
1000928	65
1000937	66
1000945	67
1000953	68
1000961	69
1000969	70
1000977	71
1000985	72
1000994	73
1001002	74
1001011	75
1001019	76
1001028	77
1001036	78
1001045	79
1001054	80
1001063	81
1001072	82
1001081	83
1001091	84
1001100	85
1001110	86
1001119	87
1001129	88
1001138	89
1001148	90
1001156	45
1001166	46
1001174	47
1001182	48
1001190	49
1001198	50
1001207	51
1001215	52
1001223	53
1001231	54
1001239	55
1001247	56
1001255	57
1001263	58
1001271	59
1001279	60
1001287	61
1001295	62
1001303	63
1001311	64
1001320	65
1001328	66
1001336	67
1001344	68
1001352	69
1001360	70
1001368	71
1001376	72
1001384	73
1001392	74
1001400	75
1001408	76
1001416	77
1001425	78
1001433	79
1001441	80
1001449	81
1001457	82
1001465	83
1001473	84
1001482	85
1001490	86
1001499	87
1001507	88
1001516	89
1001525	90
1001534	91
1001543	92
1001552	93
1001561	94
1001570	95
1001579	96
1001589	97
1001598	98
1001608	99
1001617	100
1001627	101
1001635	50
1001645	51
1001653	52
1001661	53
1001669	54
1001678	55
1001686	56
1001694	57
1001702	58
1001710	59
1001718	60
1001726	61
1001734	62
1001742	63
1001750	64
1001759	65
1001767	66
1001775	67
1001783	68
1001791	69
1001799	70
1001807	71
1001815	72
1001823	73
1001831	74
1001840	75
1001848	76
1001856	77
1001864	78
1001872	79
1001880	80
1001888	81
1001896	82
1001904	83
1001912	84
1001920	85
1001929	86
1001937	87
1001945	88
1001953	89
1001961	90
1001970	91
1001978	92
1001987	93
1001995	94
1002004	95
1002013	96
1002022	97
1002031	98
1002040	99
1002049	100
1002058	101
1002068	102
1002077	103
1002087	104
1002096	105
1002106	106
1002116	107
1002124	53
1002134	54
1002142	55
1002150	56
1002158	57
1002166	58
1002174	59
1002182	60
1002190	61
1002198	62
1002206	63
1002214	64
1002222	65
1002230	66
1002238	67
1002247	68
1002255	69
1002263	70
1002271	71
1002279	72
1002287	73
1002295	74
1002303	75
1002311	76
1002319	77
1002327	78
1002335	79
1002343	80
1002351	81
1002360	82
1002368	83
1002376	84
1002384	85
1002392	86
1002400	87
1002408	88
1002416	89
1002425	90
1002433	91
1002441	92
1002449	93
1002458	94
1002466	95
1002475	96
1002484	97
1002492	98
1002501	99
1002510	100
1002519	101
1002528	102
1002538	103
1002547	104
1002556	105
1002566	106
1002575	107
1002585	108
1002595	109
1002603	54
1002613	55
1002621	56
1002629	57
1002637	58
1002646	59
1002654	60
1002662	61
1002670	62
1002678	63
1002686	64
1002694	65
1002702	66
1002710	67
1002718	68
1002727	69
1002735	70
1002743	71
1002751	72
1002759	73
1002767	74
1002775	75
1002783	76
1002791	77
1002799	78
1002807	79
1002816	80
1002824	81
1002832	82
1002840	83
1002848	84
1002856	85
1002864	86
1002872	87
1002880	88
1002888	89
1002897	90
1002905	91
1002913	92
1002921	93
1002929	94
1002938	95
1002946	96
1002955	97
1002963	98
1002972	99
1002981	100
1002990	101
1002999	102
1003008	103
1003017	104
1003026	105
1003036	106
1003045	107
1003055	108
1003064	109
1003074	110
1003084	111
1003092	55
1003102	56
1003110	57
1003118	58
1003126	59
1003134	60
1003142	61
1003150	62
1003158	63
1003166	64
1003174	65
1003182	66
1003190	67
1003198	68
1003207	69
1003215	70
1003223	71
1003231	72
1003239	73
1003247	74
1003255	75
1003263	76
1003271	77
1003279	78
1003287	79
1003295	80
1003303	81
1003312	82
1003320	83
1003328	84
1003336	85
1003344	86
1003352	87
1003360	88
1003368	89
1003376	90
1003385	91
1003393	92
1003401	93
1003409	94
1003417	95
1003426	96
1003434	97
1003443	98
1003452	99
1003460	100
1003469	101
1003478	102
1003487	103
1003496	104
1003506	105
1003515	106
1003524	107
1003534	108
1003543	109
1003553	110
1003563	111
1003571	55
1003581	56
1003589	57
1003598	58
1003606	59
1003614	60
1003622	61
1003630	62
1003638	63
1003646	64
1003654	65
1003662	66
1003670	67
1003678	68
1003687	69
1003695	70
1003703	71
1003711	72
1003719	73
1003727	74
1003735	75
1003743	76
1003751	77
1003759	78
1003768	79
1003776	80
1003784	81
1003792	82
1003800	83
1003808	84
1003816	85
1003824	86
1003832	87
1003840	88
1003849	89
1003857	90
1003865	91
1003873	92
1003881	93
1003889	94
1003897	95
1003906	96
1003914	97
1003923	98
1003931	99
1003940	100
1003949	101
1003958	102
1003967	103
1003976	104
1003985	105
1003994	106
1004004	107
1004013	108
1004023	109
1004032	110
1004042	111
1004052	112
1004060	56
1004070	57
1004078	58
1004087	59
1004095	60
1004103	61
1004111	62
1004119	63
1004127	64
1004135	65
1004143	66
1004151	67
1004159	68
1004167	69
1004175	70
1004183	71
1004192	72
1004200	73
1004208	74
1004216	75
1004224	76
1004232	77
1004240	78
1004248	79
1004256	80
1004264	81
1004272	82
1004280	83
1004288	84
1004296	85
1004305	86
1004313	87
1004321	88
1004329	89
1004337	90
1004345	91
1004353	92
1004362	93
1004370	94
1004378	95
1004386	96
1004395	97
1004403	98
1004412	99
1004421	100
1004429	101
1004438	102
1004447	103
1004456	104
1004465	105
1004474	106
1004484	107
1004493	108
1004503	109
1004512	110
1004522	111
1004532	112
1004539	56
1004550	57
1004558	58
1004566	59
1004575	60
1004583	61
1004591	62
1004599	63
1004607	64
1004615	65
1004623	66
1004631	67
1004639	68
1004647	69
1004656	70
1004664	71
1004672	72
1004680	73
1004688	74
1004696	75
1004704	76
1004712	77
1004720	78
1004728	79
1004736	80
1004745	81
1004753	82
1004761	83
1004769	84
1004777	85
1004785	86
1004793	87
1004801	88
1004809	89
1004817	90
1004826	91
1004834	92
1004842	93
1004850	94
1004858	95
1004866	96
1004875	97
1004883	98
1004892	99
1004900	100
1004909	101
1004918	102
1004927	103
1004936	104
1004945	105
1004954	106
1004963	107
1004973	108
1004982	109
1004992	110
1005001	111
1005011	112
1005021	113
1005028	56
1005038	57
1005046	58
1005054	59
1005062	60
1005070	61
1005079	62
1005087	63
1005095	64
1005103	65
1005111	66
1005119	67
1005127	68
1005135	69
1005143	70
1005151	71
1005159	72
1005167	73
1005175	74
1005184	75
1005192	76
1005200	77
1005208	78
1005216	79
1005224	80
1005232	81
1005240	82
1005248	83
1005256	84
1005264	85
1005272	86
1005280	87
1005289	88
1005297	89
1005305	90
1005313	91
1005321	92
1005329	93
1005337	94
1005346	95
1005354	96
1005362	97
1005371	98
1005380	99
1005388	100
1005397	101
1005406	102
1005415	103
1005424	104
1005433	105
1005442	106
1005452	107
1005461	108
1005470	109
1005480	110
1005490	111
1005499	112
1005507	56
1005518	57
1005526	58
1005535	59
1005543	60
1005551	61
1005559	62
1005567	63
1005575	64
1005583	65
1005591	66
1005599	67
1005607	68
1005616	69
1005624	70
1005632	71
1005640	72
1005648	73
1005656	74
1005664	75
1005672	76
1005680	77
1005688	78
1005697	79
1005705	80
1005713	81
1005721	82
1005729	83
1005737	84
1005745	85
1005753	86
1005761	87
1005769	88
1005777	89
1005786	90
1005794	91
1005802	92
1005810	93
1005818	94
1005826	95
1005834	96
1005843	97
1005851	98
1005860	99
1005869	100
1005877	101
1005886	102
1005895	103
1005904	104
1005913	105
1005922	106
1005932	107
1005941	108
1005950	109
1005960	110
1005969	111
1005979	112
1005989	113
1005997	56
1006006	57
1006014	58
1006023	59
1006031	60
1006039	61
1006047	62
1006055	63
1006063	64
1006071	65
1006079	66
1006087	67
1006095	68
1006103	69
1006111	70
1006119	71
1006127	72
1006136	73
1006144	74
1006152	75
1006160	76
1006168	77
1006176	78
1006184	79
1006192	80
1006200	81
1006208	82
1006216	83
1006224	84
1006232	85
1006241	86
1006249	87
1006257	88
1006265	89
1006273	90
1006281	91
1006289	92
1006298	93
1006306	94
1006314	95
1006322	96
1006331	97
1006339	98
1006348	99
1006356	100
1006365	101
1006374	102
1006383	103
1006392	104
1006401	105
1006410	106
1006420	107
1006429	108
1006439	109
1006448	110
1006458	111
1006468	112
1006476	56
1006487	57
1006495	58
1006503	59
1006511	60
1006519	61
1006527	62
1006535	63
1006543	64
1006551	65
1006559	66
1006568	67
1006576	68
1006584	69
1006592	70
1006600	71
1006608	72
1006616	73
1006624	74
1006632	75
1006640	76
1006649	77
1006657	78
1006665	79
1006673	80
1006681	81
1006689	82
1006697	83
1006705	84
1006713	85
1006721	86
1006729	87
1006738	88
1006746	89
1006754	90
1006762	91
1006770	92
1006778	93
1006786	94
1006794	95
1006803	96
1006811	97
1006820	98
1006828	99
1006837	100
1006845	101
1006854	102
1006863	103
1006872	104
1006881	105
1006890	106
1006900	107
1006909	108
1006919	109
1006928	110
1006938	111
1006947	112
1006957	113
1006965	56
1006975	57
1006983	58
1006991	59
1006999	60
1007007	61
1007015	62
1007023	63
1007031	64
1007039	65
1007047	66
1007055	67
1007063	68
1007071	69
1007080	70
1007088	71
1007096	72
1007104	73
1007112	74
1007120	75
1007128	76
1007136	77
1007144	78
1007152	79
1007160	80
1007168	81
1007176	82
1007185	83
1007193	84
1007201	85
1007209	86
1007217	87
1007225	88
1007233	89
1007241	90
1007249	91
1007258	92
1007266	93
1007274	94
1007282	95
1007290	96
1007299	97
1007307	98
1007316	99
1007325	100
1007333	101
1007342	102
1007351	103
1007360	104
1007369	105
1007379	106
1007388	107
1007397	108
1007407	109
1007416	110
1007426	111
1007436	112
1007444	56
1007455	57
1007463	58
1007471	59
1007479	60
1007487	61
1007495	62
1007503	63
1007512	64
1007520	65
1007528	66
1007536	67
1007544	68
1007552	69
1007560	70
1007568	71
1007576	72
1007584	73
1007592	74
1007601	75
1007609	76
1007617	77
1007625	78
1007633	79
1007641	80
1007649	81
1007657	82
1007665	83
1007673	84
1007682	85
1007690	86
1007698	87
1007706	88
1007714	89
1007722	90
1007730	91
1007738	92
1007746	93
1007754	94
1007763	95
1007771	96
1007779	97
1007788	98
1007796	99
1007805	100
1007814	101
1007823	102
1007831	103
1007840	104
1007850	105
1007859	106
1007868	107
1007877	108
1007887	109
1007896	110
1007906	111
1007916	112
1007925	113
1007933	56
1007943	57
1007951	58
1007959	59
1007967	60
1007975	61
1007983	62
1007991	63
1007999	64
1008007	65
1008015	66
1008024	67
1008032	68
1008040	69
1008048	70
1008056	71
1008064	72
1008072	73
1008080	74
1008088	75
1008096	76
1008104	77
1008112	78
1008120	79
1008129	80
1008137	81
1008145	82
1008153	83
1008161	84
1008169	85
1008177	86
1008185	87
1008193	88
1008201	89
1008210	90
1008218	91
1008226	92
1008234	93
1008242	94
1008250	95
1008259	96
1008267	97
1008276	98
1008284	99
1008293	100
1008302	101
1008311	102
1008320	103
1008329	104
1008338	105
1008347	106
1008356	107
1008366	108
1008375	109
1008385	110
1008394	111
1008404	112
1008412	56
1008423	57
1008431	58
1008439	59
1008447	60
1008455	61
1008464	62
1008472	63
1008480	64
1008488	65
1008496	66
1008504	67
1008512	68
1008520	69
1008528	70
1008536	71
1008544	72
1008553	73
1008561	74
1008569	75
1008577	76
1008585	77
1008593	78
1008601	79
1008609	80
1008617	81
1008625	82
1008634	83
1008642	84
1008650	85
1008658	86
1008666	87
1008674	88
1008682	89
1008690	90
1008698	91
1008706	92
1008715	93
1008723	94
1008731	95
1008739	96
1008748	97
1008756	98
1008765	99
1008773	100
1008782	101
1008791	102
1008800	103
1008809	104
1008818	105
1008827	106
1008836	107
1008846	108
1008855	109
1008864	110
1008874	111
1008884	112
1008894	113
1008901	56
1008911	57
1008919	58
1008927	59
1008935	60
1008943	61
1008951	62
1008959	63
1008968	64
1008976	65
1008984	66
1008992	67
1009000	68
1009008	69
1009016	70
1009024	71
1009032	72
1009040	73
1009048	74
1009056	75
1009064	76
1009072	77
1009081	78
1009089	79
1009097	80
1009105	81
1009113	82
1009121	83
1009129	84
1009137	85
1009145	86
1009153	87
1009161	88
1009170	89
1009178	90
1009186	91
1009194	92
1009202	93
1009210	94
1009219	95
1009227	96
1009235	97
1009244	98
1009252	99
1009261	100
1009270	101
1009279	102
1009288	103
1009297	104
1009306	105
1009315	106
1009324	107
1009334	108
1009343	109
1009353	110
1009363	111
1009372	112
1009380	56
1009391	57
1009399	58
1009407	59
1009416	60
1009424	61
1009432	62
1009440	63
1009448	64
1009456	65
1009464	66
1009472	67
1009480	68
1009488	69
1009497	70
1009505	71
1009513	72
1009521	73
1009529	74
1009537	75
1009545	76
1009553	77
1009561	78
1009569	79
1009577	80
1009586	81
1009594	82
1009602	83
1009610	84
1009618	85
1009626	86
1009634	87
1009642	88
1009650	89
1009658	90
1009667	91
1009675	92
1009683	93
1009691	94
1009699	95
1009707	96
1009716	97
1009724	98
1009733	99
1009741	100
1009750	101
1009759	102
1009768	103
1009777	104
1009786	105
1009795	106
1009804	107
1009814	108
1009823	109
1009833	110
1009842	111
1009852	112
1009862	113
1009869	56
1009879	57
1009887	58
1009895	59
1009903	60
1009912	61
1009920	62
1009928	63
1009936	64
1009944	65
1009952	66
1009960	67
1009968	68
1009976	69
1009984	70
1009992	71
