1000000	1
1000008	2
1000024	1
1000033	2
1000042	3
1000051	4
1000060	5
1000069	6
1000078	7
1000087	8
1000097	9
1000106	10
1000125	11
1000135	12
1000145	13
1000222	14
1000230	15
1000238	16
1000247	17
1000255	18
1000263	19
1000271	20
1000279	21
1000287	22
1000295	23
1000303	24
1000311	25
1000319	26
1000327	27
1000336	28
1000344	29
1000352	30
1000360	31
1000368	32
1000376	33
1000384	34
1000392	35
1000400	36
1000408	37
1000417	38
1000425	39
1000433	40
1000441	41
1000449	42
1000457	43
1000465	44
1000474	45
1000482	46
1000490	47
1000498	48
1000506	49
1000515	50
1000523	51
1000532	52
1000540	53
1000549	54
1000558	55
1000567	56
1000576	57
1000585	58
1000594	59
1000603	60
1000612	61
1000622	62
1000631	63
1000641	64
1000651	65
1000660	66
1000669	33
1000678	34
1000687	35
1000695	36
1000703	37
1000711	38
1000719	39
1000727	40
1000735	41
1000743	42
1000751	43
1000759	44
1000767	45
1000775	46
1000783	47
1000792	48
1000800	49
1000808	50
1000816	51
1000824	52
1000832	53
1000840	54
1000849	55
1000857	56
1000865	57
1000873	58
1000881	59
1000889	60
1000897	61
1000905	62
1000914	63
1000922	64
1000930	65
1000938	66
1000946	67
1000954	68
1000962	69
1000971	70
1000979	71
1000987	72
1000995	73
1001004	74
1001012	75
1001021	76
1001029	77
1001038	78
1001047	79
1001056	80
1001065	81
1001074	82
1001083	83
1001093	84
1001102	85
1001111	86
1001121	87
1001131	88
1001140	89
1001150	90
1001158	45
1001168	46
1001176	47
1001184	48
1001192	49
1001200	50
1001209	51
1001217	52
1001225	53
1001233	54
1001241	55
1001249	56
1001257	57
1001265	58
1001273	59
1001281	60
1001289	61
1001297	62
1001305	63
1001313	64
1001322	65
1001330	66
1001338	67
1001346	68
1001354	69
1001362	70
1001370	71
1001378	72
1001386	73
1001394	74
1001402	75
1001410	76
1001418	77
1001426	78
1001435	79
1001443	80
1001451	81
1001459	82
1001467	83
1001475	84
1001484	85
1001492	86
1001501	87
1001509	88
1001518	89
1001527	90
1001536	91
1001545	92
1001554	93
1001563	94
1001572	95
1001581	96
1001591	97
1001600	98
1001610	99
1001620	100
1001629	101
1001637	50
1001647	51
1001655	52
1001663	53
1001671	54
1001679	55
1001687	56
1001695	57
1001703	58
1001711	59
1001719	60
1001727	61
1001736	62
1001744	63
1001752	64
1001760	65
1001768	66
1001776	67
1001784	68
1001792	69
1001801	70
1001809	71
1001817	72
1001825	73
1001833	74
1001841	75
1001849	76
1001857	77
1001865	78
1001874	79
1001882	80
1001890	81
1001898	82
1001906	83
1001914	84
1001922	85
1001930	86
1001939	87
1001947	88
1001955	89
1001963	90
1001972	91
1001980	92
1001989	93
1001997	94
1002006	95
1002015	96
1002024	97
1002033	98
1002042	99
1002051	100
1002061	101
1002070	102
1002079	103
1002089	104
1002099	105
1002108	106
1002118	107
1002126	53
1002136	54
1002144	55
1002152	56
1002160	57
1002168	58
1002176	59
1002184	60
1002192	61
1002200	62
1002209	63
1002217	64
1002225	65
1002233	66
1002241	67
1002249	68
1002257	69
1002265	70
1002273	71
1002281	72
1002289	73
1002297	74
1002305	75
1002313	76
1002322	77
1002330	78
1002338	79
1002346	80
1002354	81
1002362	82
1002370	83
1002378	84
1002386	85
1002394	86
1002402	87
1002410	88
1002418	89
1002427	90
1002435	91
1002443	92
1002451	93
1002460	94
1002468	95
1002477	96
1002486	97
1002494	98
1002503	99
1002512	100
1002521	101
1002531	102
1002540	103
1002549	104
1002559	105
1002568	106
1002578	107
1002587	108
1002597	109
1002605	54
1002615	55
1002623	56
1002631	57
1002639	58
1002647	59
1002655	60
1002663	61
1002671	62
1002680	63
1002688	64
1002696	65
1002704	66
1002712	67
1002720	68
1002728	69
1002736	70
1002744	71
1002752	72
1002760	73
1002769	74
1002777	75
1002785	76
1002793	77
1002801	78
1002809	79
1002817	80
1002825	81
1002834	82
1002842	83
1002850	84
1002858	85
1002866	86
1002874	87
1002882	88
1002890	89
1002898	90
1002907	91
1002915	92
1002923	93
1002931	94
1002940	95
1002948	96
1002957	97
1002965	98
1002974	99
1002983	100
1002992	101
1003001	102
1003010	103
1003019	104
1003029	105
1003038	106
1003047	107
1003057	108
1003067	109
1003076	110
1003086	111
1003094	55
1003104	56
1003112	57
1003120	58
1003128	59
1003136	60
1003144	61
1003152	62
1003161	63
1003169	64
1003177	65
1003185	66
1003193	67
1003201	68
1003209	69
1003217	70
1003225	71
1003233	72
1003241	73
1003249	74
1003257	75
1003266	76
1003274	77
1003282	78
1003290	79
1003298	80
1003306	81
1003314	82
1003322	83
1003330	84
1003338	85
1003346	86
1003354	87
1003362	88
1003370	89
1003379	90
1003387	91
1003395	92
1003403	93
1003411	94
1003420	95
1003428	96
1003437	97
1003445	98
1003454	99
1003463	100
1003472	101
1003481	102
1003490	103
1003499	104
1003508	105
1003517	106
1003527	107
1003536	108
1003546	109
1003556	110
1003565	111
1003574	55
1003583	56
1003591	57
1003599	58
1003607	59
1003615	60
1003624	61
1003632	62
1003640	63
1003648	64
1003656	65
1003664	66
1003672	67
1003680	68
1003688	69
1003696	70
1003704	71
1003712	72
1003721	73
1003729	74
1003737	75
1003745	76
1003753	77
1003761	78
1003769	79
1003777	80
1003786	81
1003794	82
1003802	83
1003810	84
1003818	85
1003826	86
1003834	87
1003842	88
1003850	89
1003859	90
1003867	91
1003875	92
1003883	93
1003891	94
1003899	95
1003908	96
1003916	97
1003925	98
1003934	99
1003942	100
1003951	101
1003960	102
1003969	103
1003978	104
1003987	105
1003997	106
1004006	107
1004016	108
1004025	109
1004035	110
1004044	111
1004054	112
1004063	56
1004073	57
1004081	58
1004089	59
1004097	60
1004105	61
1004113	62
1004121	63
1004129	64
1004137	65
1004146	66
1004154	67
1004162	68
1004170	69
1004178	70
1004186	71
1004194	72
1004202	73
1004210	74
1004218	75
1004226	76
1004234	77
1004242	78
1004250	79
1004259	80
1004267	81
1004275	82
1004283	83
1004291	84
1004299	85
1004307	86
1004315	87
1004323	88
1004331	89
1004339	90
1004347	91
1004355	92
1004364	93
1004372	94
1004380	95
1004388	96
1004397	97
1004405	98
1004414	99
1004423	100
1004431	101
1004440	102
1004449	103
1004458	104
1004468	105
1004477	106
1004486	107
1004496	108
1004505	109
1004515	110
1004524	111
1004534	112
1004542	56
1004552	57
1004560	58
1004568	59
1004576	60
1004584	61
1004593	62
1004601	63
1004609	64
1004617	65
1004625	66
1004633	67
1004641	68
1004649	69
1004657	70
1004665	71
1004673	72
1004681	73
1004690	74
1004698	75
1004706	76
1004714	77
1004722	78
1004730	79
1004738	80
1004746	81
1004754	82
1004763	83
1004771	84
1004779	85
1004787	86
1004795	87
1004803	88
1004811	89
1004819	90
1004828	91
1004836	92
1004844	93
1004852	94
1004860	95
1004868	96
1004877	97
1004885	98
1004894	99
1004903	100
1004911	101
1004920	102
1004929	103
1004938	104
1004947	105
1004956	106
1004966	107
1004975	108
1004985	109
1004994	110
1005004	111
1005013	112
1005023	113
1005031	56
1005041	57
1005049	58
1005057	59
1005065	60
1005073	61
1005081	62
1005089	63
1005097	64
1005105	65
1005113	66
1005121	67
1005129	68
1005138	69
1005146	70
1005154	71
1005162	72
1005170	73
1005178	74
1005186	75
1005194	76
1005202	77
1005210	78
1005218	79
1005226	80
1005234	81
1005243	82
1005251	83
1005259	84
1005267	85
1005275	86
1005283	87
1005291	88
1005299	89
1005307	90
1005315	91
1005323	92
1005331	93
1005340	94
1005348	95
1005356	96
1005365	97
1005373	98
1005382	99
1005390	100
1005399	101
1005408	102
1005417	103
1005426	104
1005435	105
1005445	106
1005454	107
1005463	108
1005473	109
1005482	110
1005492	111
1005502	112
1005510	56
1005520	57
1005528	58
1005536	59
1005544	60
1005553	61
1005561	62
1005569	63
1005577	64
1005585	65
1005593	66
1005601	67
1005609	68
1005617	69
1005625	70
1005633	71
1005641	72
1005650	73
1005658	74
1005666	75
1005674	76
1005682	77
1005690	78
1005698	79
1005706	80
1005714	81
1005723	82
1005731	83
1005739	84
1005747	85
1005755	86
1005763	87
1005771	88
1005779	89
1005788	90
1005796	91
1005804	92
1005812	93
1005820	94
1005828	95
1005837	96
1005845	97
1005853	98
1005862	99
1005871	100
1005879	101
1005888	102
1005897	103
1005906	104
1005915	105
1005925	106
1005934	107
1005943	108
1005953	109
1005962	110
1005972	111
1005982	112
1005991	113
1005999	56
1006009	57
1006017	58
1006025	59
1006033	60
1006041	61
1006049	62
1006057	63
1006065	64
1006073	65
1006082	66
1006090	67
1006098	68
1006106	69
1006114	70
1006122	71
1006130	72
1006138	73
1006146	74
1006154	75
1006162	76
1006170	77
1006178	78
1006186	79
1006195	80
1006203	81
1006211	82
1006219	83
1006227	84
1006235	85
1006243	86
1006251	87
1006259	88
1006267	89
1006275	90
1006283	91
1006291	92
1006300	93
1006308	94
1006316	95
1006324	96
1006333	97
1006341	98
1006350	99
1006359	100
1006367	101
1006376	102
1006385	103
1006394	104
1006404	105
1006413	106
1006422	107
1006432	108
1006441	109
1006451	110
1006460	111
1006470	112
1006478	56
1006488	57
1006497	58
1006505	59
1006513	60
1006521	61
1006529	62
1006537	63
1006545	64
1006553	65
1006561	66
1006569	67
1006577	68
1006585	69
1006593	70
1006602	71
1006610	72
1006618	73
1006626	74
1006634	75
1006642	76
1006650	77
1006658	78
1006666	79
1006675	80
1006683	81
1006691	82
1006699	83
1006707	84
1006715	85
1006723	86
1006731	87
1006740	88
1006748	89
1006756	90
1006764	91
1006772	92
1006780	93
1006788	94
1006796	95
1006805	96
1006813	97
1006822	98
1006830	99
1006839	100
1006848	101
1006857	102
1006865	103
1006874	104
1006884	105
1006893	106
1006902	107
1006911	108
1006921	109
1006930	110
1006940	111
1006950	112
1006960	113
1006967	56
1006977	57
1006985	58
1006993	59
1007001	60
1007009	61
1007017	62
1007026	63
1007034	64
1007042	65
1007050	66
1007058	67
1007066	68
1007074	69
1007082	70
1007090	71
1007098	72
1007106	73
1007114	74
1007122	75
1007130	76
1007139	77
1007147	78
1007155	79
1007163	80
1007171	81
1007179	82
1007187	83
1007195	84
1007203	85
1007211	86
1007219	87
1007227	88
1007235	89
1007244	90
1007252	91
1007260	92
1007268	93
1007276	94
1007284	95
1007293	96
1007301	97
1007310	98
1007318	99
1007327	100
1007336	101
1007345	102
1007354	103
1007363	104
1007372	105
1007381	106
1007390	107
1007400	108
1007409	109
1007419	110
1007429	111
1007438	112
1007446	56
1007457	57
1007465	58
1007473	59
1007481	60
1007489	61
1007497	62
1007505	63
1007513	64
1007521	65
1007529	66
1007537	67
1007546	68
1007554	69
1007562	70
1007570	71
1007578	72
1007586	73
1007594	74
1007602	75
1007610	76
1007618	77
1007627	78
1007635	79
1007643	80
1007651	81
1007659	82
1007667	83
1007675	84
1007683	85
1007691	86
1007700	87
1007708	88
1007716	89
1007724	90
1007732	91
1007740	92
1007748	93
1007756	94
1007765	95
1007773	96
1007781	97
1007790	98
1007798	99
1007807	100
1007816	101
1007825	102
1007834	103
1007843	104
1007852	105
1007861	106
1007870	107
1007880	108
1007889	109
1007899	110
1007908	111
1007918	112
1007928	113
1007935	56
1007945	57
1007953	58
1007961	59
1007970	60
1007978	61
1007986	62
1007994	63
1008002	64
1008010	65
1008018	66
1008026	67
1008034	68
1008042	69
1008050	70
1008058	71
1008066	72
1008074	73
1008083	74
1008091	75
1008099	76
1008107	77
1008115	78
1008123	79
1008131	80
1008139	81
1008147	82
1008155	83
1008163	84
1008171	85
1008179	86
1008188	87
1008196	88
1008204	89
1008212	90
1008220	91
1008228	92
1008236	93
1008244	94
1008252	95
1008261	96
1008269	97
1008278	98
1008286	99
1008295	100
1008304	101
1008313	102
1008322	103
1008331	104
1008340	105
1008349	106
1008359	107
1008368	108
1008377	109
1008387	110
1008397	111
1008407	112
1008415	56
1008425	57
1008433	58
1008441	59
1008449	60
1008457	61
1008465	62
1008473	63
1008481	64
1008490	65
1008498	66
1008506	67
1008514	68
1008522	69
1008530	70
1008538	71
1008546	72
1008554	73
1008562	74
1008570	75
1008579	76
1008587	77
1008595	78
1008603	79
1008611	80
1008619	81
1008627	82
1008635	83
1008643	84
1008652	85
1008660	86
1008668	87
1008676	88
1008684	89
1008692	90
1008700	91
1008708	92
1008717	93
1008725	94
1008733	95
1008741	96
1008750	97
1008758	98
1008767	99
1008775	100
1008784	101
1008793	102
1008802	103
1008811	104
1008820	105
1008829	106
1008839	107
1008848	108
1008857	109
1008867	110
1008877	111
1008886	112
1008896	113
1008904	56
1008914	57
1008922	58
1008930	59
1008938	60
1008946	61
1008954	62
1008962	63
1008970	64
1008978	65
1008986	66
1008994	67
1009002	68
1009010	69
1009018	70
1009027	71
1009035	72
1009043	73
1009051	74
1009059	75
1009067	76
1009075	77
1009083	78
1009091	79
1009099	80
1009107	81
1009115	82
1009123	83
1009132	84
1009140	85
1009148	86
1009156	87
1009164	88
1009172	89
1009180	90
1009188	91
1009196	92
1009204	93
1009212	94
1009221	95
1009229	96
1009237	97
1009246	98
1009255	99
1009263	100
1009272	101
1009281	102
1009290	103
1009299	104
1009308	105
1009317	106
1009327	107
1009336	108
1009346	109
1009355	110
1009365	111
1009375	112
1009383	56
1009393	57
1009401	58
1009409	59
1009417	60
1009425	61
1009434	62
1009442	63
1009450	64
1009458	65
1009466	66
1009474	67
1009482	68
1009490	69
1009498	70
1009506	71
1009514	72
1009522	73
1009531	74
1009539	75
1009547	76
1009555	77
1009563	78
1009571	79
1009579	80
1009587	81
1009595	82
1009604	83
1009612	84
1009620	85
1009628	86
1009636	87
1009644	88
1009652	89
1009660	90
1009669	91
1009677	92
1009685	93
1009693	94
1009701	95
1009709	96
1009718	97
1009726	98
1009735	99
1009744	100
1009752	101
1009761	102
1009770	103
1009779	104
1009788	105
1009797	106
1009807	107
1009816	108
1009826	109
1009835	110
1009845	111
1009854	112
1009864	113
1009872	56
1009882	57
1009890	58
1009898	59
1009906	60
1009914	61
1009922	62
1009930	63
1009938	64
1009946	65
1009954	66
1009962	67
1009971	68
1009979	69
1009987	70
1009995	71
