1000000	400
1000011	200
1000037	201
1000046	202
1000055	203
1000064	204
1000073	205
1000082	206
1000091	207
1000101	208
1000110	209
1000120	210
1000130	211
1000139	212
1000211	106
1000228	107
1000236	108
1000244	109
1000252	110
1000260	111
1000268	112
1000276	113
1000284	114
1000292	115
1000300	116
1000308	117
1000317	118
1000325	119
1000333	120
1000341	121
1000349	122
1000357	123
1000365	124
1000373	125
1000381	126
1000389	127
1000397	128
1000405	129
1000413	130
1000421	131
1000430	132
1000438	133
1000446	134
1000454	135
1000462	136
1000470	137
1000478	138
1000486	139
1000494	140
1000502	141
1000511	142
1000519	143
1000528	144
1000536	145
1000545	146
1000553	147
1000562	148
1000571	149
1000580	150
1000589	151
1000598	152
1000608	153
1000617	154
1000627	155
1000636	156
1000646	157
1000655	158
1000665	159
1000666	79
1000682	80
1000690	81
1000698	82
1000706	83
1000715	84
1000723	85
1000731	86
1000739	87
1000747	88
1000755	89
1000763	90
1000771	91
1000779	92
1000787	93
1000795	94
1000803	95
1000811	96
1000819	97
1000828	98
1000836	99
1000844	100
1000852	101
1000860	102
1000868	103
1000876	104
1000884	105
1000892	106
1000900	107
1000908	108
1000916	109
1000924	110
1000933	111
1000941	112
1000949	113
1000957	114
1000965	115
1000973	116
1000981	117
1000989	118
1000998	119
1001006	120
1001015	121
1001023	122
1001032	123
1001041	124
1001050	125
1001058	126
1001068	127
1001077	128
1001086	129
1001095	130
1001105	131
1001114	132
1001124	133
1001133	134
1001143	135
1001150	67
1001161	68
1001169	69
1001177	70
1001185	71
1001193	72
1001201	73
1001209	74
1001217	75
1001225	76
1001233	77
1001242	78
1001250	79
1001258	80
1001266	81
1001274	82
1001282	83
1001290	84
1001298	85
1001306	86
1001314	87
1001323	88
1001331	89
1001339	90
1001347	91
1001355	92
1001363	93
1001371	94
1001379	95
1001387	96
1001395	97
1001403	98
1001412	99
1001420	100
1001428	101
1001436	102
1001444	103
1001452	104
1001460	105
1001468	106
1001477	107
1001485	108
1001494	109
1001502	110
1001511	111
1001519	112
1001528	113
1001537	114
1001546	115
1001555	116
1001564	117
1001574	118
1001583	119
1001592	120
1001602	121
1001612	122
1001621	123
1001631	124
1001639	62
1001650	63
1001658	64
1001666	65
1001674	66
1001682	67
1001690	68
1001698	69
1001706	70
1001714	71
1001722	72
1001731	73
1001739	74
1001747	75
1001755	76
1001763	77
1001771	78
1001779	79
1001787	80
1001795	81
1001803	82
1001811	83
1001819	84
1001827	85
1001835	86
1001844	87
1001852	88
1001860	89
1001868	90
1001876	91
1001884	92
1001892	93
1001900	94
1001908	95
1001917	96
1001925	97
1001933	98
1001941	99
1001949	100
1001957	101
1001966	102
1001974	103
1001983	104
1001991	105
1002000	106
1002009	107
1002018	108
1002027	109
1002036	110
1002045	111
1002054	112
1002063	113
1002073	114
1002082	115
1002092	116
1002101	117
1002111	118
1002119	59
1002130	60
1002138	61
1002146	62
1002154	63
1002162	64
1002170	65
1002178	66
1002186	67
1002195	68
1002203	69
1002211	70
1002219	71
1002227	72
1002235	73
1002243	74
1002251	75
1002259	76
1002267	77
1002275	78
1002284	79
1002292	80
1002300	81
1002308	82
1002316	83
1002324	84
1002332	85
1002340	86
1002348	87
1002356	88
1002365	89
1002373	90
1002381	91
1002389	92
1002397	93
1002405	94
1002413	95
1002421	96
1002429	97
1002438	98
1002446	99
1002454	100
1002463	101
1002471	102
1002480	103
1002489	104
1002497	105
1002506	106
1002515	107
1002524	108
1002534	109
1002543	110
1002552	111
1002562	112
1002571	113
1002581	114
1002590	115
1002600	116
1002608	58
1002618	59
1002626	60
1002634	61
1002642	62
1002651	63
1002659	64
1002667	65
1002675	66
1002683	67
1002691	68
1002699	69
1002707	70
1002715	71
1002723	72
1002731	73
1002739	74
1002747	75
1002756	76
1002764	77
1002772	78
1002780	79
1002788	80
1002796	81
1002804	82
1002812	83
1002820	84
1002828	85
1002836	86
1002844	87
1002852	88
1002861	89
1002869	90
1002877	91
1002885	92
1002893	93
1002901	94
1002909	95
1002918	96
1002926	97
1002934	98
1002943	99
1002951	100
1002960	101
1002968	102
1002977	103
1002986	104
1002995	105
1003004	106
1003013	107
1003022	108
1003032	109
1003041	110
1003051	111
1003060	112
1003070	113
1003080	114
1003087	57
1003098	58
1003106	59
1003114	60
1003122	61
1003130	62
1003139	63
1003147	64
1003155	65
1003163	66
1003171	67
1003179	68
1003187	69
1003195	70
1003203	71
1003211	72
1003219	73
1003228	74
1003236	75
1003244	76
1003252	77
1003260	78
1003268	79
1003276	80
1003284	81
1003292	82
1003300	83
1003309	84
1003317	85
1003325	86
1003333	87
1003341	88
1003349	89
1003357	90
1003365	91
1003373	92
1003381	93
1003389	94
1003398	95
1003406	96
1003414	97
1003422	98
1003431	99
1003440	100
1003448	101
1003457	102
1003466	103
1003475	104
1003484	105
1003493	106
1003502	107
1003511	108
1003520	109
1003530	110
1003539	111
1003549	112
1003559	113
1003569	114
1003576	57
1003586	58
1003595	59
1003603	60
1003611	61
1003619	62
1003627	63
1003635	64
1003643	65
1003651	66
1003659	67
1003667	68
1003675	69
1003683	70
1003691	71
1003700	72
1003708	73
1003716	74
1003724	75
1003732	76
1003740	77
1003748	78
1003756	79
1003764	80
1003772	81
1003780	82
1003788	83
1003796	84
1003804	85
1003813	86
1003821	87
1003829	88
1003837	89
1003845	90
1003853	91
1003861	92
1003869	93
1003878	94
1003886	95
1003894	96
1003902	97
1003911	98
1003919	99
1003928	100
1003937	101
1003945	102
1003954	103
1003963	104
1003972	105
1003981	106
1003991	107
1004000	108
1004009	109
1004019	110
1004028	111
1004038	112
1004048	113
1004055	56
1004066	57
1004074	58
1004082	59
1004090	60
1004098	61
1004106	62
1004114	63
1004122	64
1004130	65
1004138	66
1004147	67
1004155	68
1004163	69
1004171	70
1004179	71
1004187	72
1004195	73
1004203	74
1004211	75
1004219	76
1004228	77
1004236	78
1004244	79
1004252	80
1004260	81
1004268	82
1004276	83
1004284	84
1004292	85
1004300	86
1004308	87
1004317	88
1004325	89
1004333	90
1004341	91
1004349	92
1004357	93
1004365	94
1004373	95
1004382	96
1004390	97
1004399	98
1004407	99
1004416	100
1004424	101
1004433	102
1004442	103
1004451	104
1004460	105
1004469	106
1004479	107
1004488	108
1004498	109
1004507	110
1004517	111
1004526	112
1004536	113
1004544	56
1004554	57
1004562	58
1004570	59
1004578	60
1004586	61
1004594	62
1004602	63
1004610	64
1004619	65
1004627	66
1004635	67
1004643	68
1004651	69
1004659	70
1004667	71
1004675	72
1004683	73
1004691	74
1004699	75
1004707	76
1004715	77
1004723	78
1004732	79
1004740	80
1004748	81
1004756	82
1004764	83
1004772	84
1004780	85
1004788	86
1004796	87
1004804	88
1004813	89
1004821	90
1004829	91
1004837	92
1004845	93
1004853	94
1004861	95
1004870	96
1004878	97
1004887	98
1004895	99
1004904	100
1004913	101
1004922	102
1004931	103
1004940	104
1004949	105
1004958	106
1004967	107
1004977	108
1004986	109
1004996	110
1005005	111
1005015	112
1005023	56
1005034	57
1005042	58
1005050	59
1005059	60
1005067	61
1005075	62
1005083	63
1005091	64
1005099	65
1005107	66
1005115	67
1005123	68
1005131	69
1005140	70
1005148	71
1005156	72
1005164	73
1005172	74
1005180	75
1005188	76
1005196	77
1005204	78
1005212	79
1005220	80
1005229	81
1005237	82
1005245	83
1005253	84
1005261	85
1005269	86
1005277	87
1005285	88
1005293	89
1005301	90
1005310	91
1005318	92
1005326	93
1005334	94
1005342	95
1005350	96
1005359	97
1005367	98
1005376	99
1005384	100
1005393	101
1005402	102
1005411	103
1005420	104
1005429	105
1005438	106
1005447	107
1005457	108
1005466	109
1005476	110
1005485	111
1005495	112
1005505	113
1005512	56
1005522	57
1005530	58
1005538	59
1005546	60
1005555	61
1005563	62
1005571	63
1005579	64
1005587	65
1005595	66
1005603	67
1005611	68
1005619	69
1005627	70
1005635	71
1005643	72
1005651	73
1005660	74
1005668	75
1005676	76
1005684	77
1005692	78
1005700	79
1005708	80
1005716	81
1005724	82
1005732	83
1005740	84
1005748	85
1005756	86
1005765	87
1005773	88
1005781	89
1005789	90
1005797	91
1005805	92
1005813	93
1005822	94
1005830	95
1005838	96
1005847	97
1005855	98
1005864	99
1005872	100
1005881	101
1005890	102
1005899	103
1005908	104
1005917	105
1005926	106
1005936	107
1005945	108
1005955	109
1005964	110
1005974	111
1005984	112
1005992	56
1006003	57
1006011	58
1006019	59
1006027	60
1006035	61
1006043	62
1006051	63
1006059	64
1006067	65
1006075	66
1006083	67
1006092	68
1006100	69
1006108	70
1006116	71
1006124	72
1006132	73
1006140	74
1006148	75
1006156	76
1006164	77
1006173	78
1006181	79
1006189	80
1006197	81
1006205	82
1006213	83
1006221	84
1006229	85
1006237	86
1006245	87
1006253	88
1006262	89
1006270	90
1006278	91
1006286	92
1006294	93
1006302	94
1006310	95
1006319	96
1006327	97
1006335	98
1006344	99
1006353	100
1006361	101
1006370	102
1006379	103
1006388	104
1006397	105
1006406	106
1006416	107
1006425	108
1006434	109
1006444	110
1006454	111
1006463	112
1006473	113
1006481	56
1006490	57
1006499	58
1006507	59
1006515	60
1006523	61
1006531	62
1006539	63
1006547	64
1006555	65
1006563	66
1006571	67
1006579	68
1006587	69
1006595	70
1006604	71
1006612	72
1006620	73
1006628	74
1006636	75
1006644	76
1006652	77
1006660	78
1006668	79
1006676	80
1006684	81
1006692	82
1006700	83
1006708	84
1006717	85
1006725	86
1006733	87
1006741	88
1006749	89
1006757	90
1006765	91
1006773	92
1006782	93
1006790	94
1006798	95
1006806	96
1006815	97
1006823	98
1006832	99
1006841	100
1006849	101
1006858	102
1006867	103
1006876	104
1006885	105
1006895	106
1006904	107
1006913	108
1006923	109
1006932	110
1006942	111
1006952	112
1006960	56
1006971	57
1006979	58
1006987	59
1006995	60
1007003	61
1007011	62
1007019	63
1007027	64
1007035	65
1007044	66
1007052	67
1007060	68
1007068	69
1007076	70
1007084	71
1007092	72
1007100	73
1007108	74
1007116	75
1007125	76
1007133	77
1007141	78
1007149	79
1007157	80
1007165	81
1007173	82
1007181	83
1007189	84
1007197	85
1007206	86
1007214	87
1007222	88
1007230	89
1007238	90
1007246	91
1007254	92
1007262	93
1007270	94
1007279	95
1007287	96
1007295	97
1007304	98
1007312	99
1007321	100
1007330	101
1007338	102
1007347	103
1007356	104
1007365	105
1007375	106
1007384	107
1007393	108
1007403	109
1007412	110
1007422	111
1007431	112
1007441	113
1007449	56
1007459	57
1007467	58
1007475	59
1007483	60
1007491	61
1007499	62
1007507	63
1007515	64
1007523	65
1007531	66
1007539	67
1007548	68
1007556	69
1007564	70
1007572	71
1007580	72
1007588	73
1007596	74
1007604	75
1007612	76
1007620	77
1007628	78
1007636	79
1007644	80
1007652	81
1007661	82
1007669	83
1007677	84
1007685	85
1007693	86
1007701	87
1007709	88
1007717	89
1007725	90
1007734	91
1007742	92
1007750	93
1007758	94
1007766	95
1007775	96
1007783	97
1007792	98
1007800	99
1007809	100
1007818	101
1007826	102
1007835	103
1007844	104
1007854	105
1007863	106
1007872	107
1007882	108
1007891	109
1007901	110
1007910	111
1007920	112
1007928	56
1007939	57
1007947	58
1007955	59
1007963	60
1007971	61
1007979	62
1007988	63
1007996	64
1008004	65
1008012	66
1008020	67
1008028	68
1008036	69
1008044	70
1008052	71
1008060	72
1008068	73
1008077	74
1008085	75
1008093	76
1008101	77
1008109	78
1008117	79
1008125	80
1008133	81
1008141	82
1008149	83
1008158	84
1008166	85
1008174	86
1008182	87
1008190	88
1008198	89
1008206	90
1008214	91
1008222	92
1008230	93
1008239	94
1008247	95
1008255	96
1008263	97
1008272	98
1008280	99
1008289	100
1008298	101
1008307	102
1008316	103
1008325	104
1008334	105
1008343	106
1008352	107
1008361	108
1008371	109
1008380	110
1008390	111
1008400	112
1008409	113
1008417	56
1008427	57
1008435	58
1008443	59
1008451	60
1008459	61
1008467	62
1008475	63
1008483	64
1008492	65
1008500	66
1008508	67
1008516	68
1008524	69
1008532	70
1008540	71
1008548	72
1008556	73
1008564	74
1008572	75
1008580	76
1008588	77
1008596	78
1008605	79
1008613	80
1008621	81
1008629	82
1008637	83
1008645	84
1008653	85
1008661	86
1008669	87
1008677	88
1008685	89
1008694	90
1008702	91
1008710	92
1008718	93
1008726	94
1008734	95
1008743	96
1008751	97
1008760	98
1008768	99
1008777	100
1008786	101
1008795	102
1008804	103
1008813	104
1008822	105
1008831	106
1008840	107
1008850	108
1008859	109
1008869	110
1008878	111
1008888	112
1008896	56
1008907	57
1008915	58
1008923	59
1008931	60
1008940	61
1008948	62
1008956	63
1008964	64
1008972	65
1008980	66
1008988	67
1008996	68
1009004	69
1009012	70
1009021	71
1009029	72
1009037	73
1009045	74
1009053	75
1009061	76
1009069	77
1009077	78
1009085	79
1009093	80
1009101	81
1009110	82
1009118	83
1009126	84
1009134	85
1009142	86
1009150	87
1009158	88
1009166	89
1009174	90
1009182	91
1009191	92
1009199	93
1009207	94
1009215	95
1009223	96
1009232	97
1009240	98
1009249	99
1009257	100
1009266	101
1009275	102
1009284	103
1009293	104
1009302	105
1009311	106
1009320	107
1009330	108
1009339	109
1009349	110
1009358	111
1009368	112
1009378	113
1009385	56
1009395	57
1009403	58
1009411	59
1009419	60
1009427	61
1009435	62
1009444	63
1009452	64
1009460	65
1009468	66
1009476	67
1009484	68
1009492	69
1009500	70
1009508	71
1009516	72
1009524	73
1009532	74
1009540	75
1009549	76
1009557	77
1009565	78
1009573	79
1009581	80
1009589	81
1009597	82
1009605	83
1009613	84
1009621	85
1009629	86
1009637	87
1009646	88
1009654	89
1009662	90
1009670	91
1009678	92
1009686	93
1009694	94
1009703	95
1009711	96
1009719	97
1009728	98
1009737	99
1009745	100
1009754	101
1009763	102
1009772	103
1009781	104
1009790	105
1009799	106
1009809	107
1009818	108
1009827	109
1009837	110
1009847	111
1009856	112
1009864	56
1009875	57
1009883	58
1009892	59
1009900	60
1009908	61
1009916	62
1009924	63
1009932	64
1009940	65
1009948	66
1009956	67
1009964	68
1009973	69
1009981	70
1009989	71
1009997	72
