1000000	400
1000011	200
1000037	201
1000046	202
1000055	203
1000064	204
1000073	205
1000082	206
1000092	207
1000101	208
1000111	209
1000120	210
1000130	211
1000140	212
1000211	106
1000228	107
1000236	108
1000244	109
1000252	110
1000260	111
1000268	112
1000276	113
1000284	114
1000292	115
1000301	116
1000309	117
1000317	118
1000325	119
1000333	120
1000341	121
1000349	122
1000357	123
1000365	124
1000373	125
1000382	126
1000390	127
1000398	128
1000406	129
1000414	130
1000422	131
1000430	132
1000438	133
1000446	134
1000454	135
1000463	136
1000471	137
1000479	138
1000487	139
1000495	140
1000503	141
1000511	142
1000520	143
1000528	144
1000537	145
1000546	146
1000554	147
1000563	148
1000572	149
1000581	150
1000590	151
1000599	152
1000609	153
1000618	154
1000628	155
1000637	156
1000647	157
1000657	158
1000666	159
1000666	79
1000683	80
1000692	81
1000700	82
1000708	83
1000716	84
1000724	85
1000732	86
1000740	87
1000748	88
1000756	89
1000764	90
1000772	91
1000781	92
1000789	93
1000797	94
1000805	95
1000813	96
1000821	97
1000829	98
1000837	99
1000845	100
1000853	101
1000862	102
1000870	103
1000878	104
1000886	105
1000894	106
1000902	107
1000910	108
1000918	109
1000926	110
1000934	111
1000942	112
1000951	113
1000959	114
1000967	115
1000975	116
1000983	117
1000991	118
1001000	119
1001008	120
1001017	121
1001025	122
1001034	123
1001043	124
1001052	125
1001061	126
1001070	127
1001079	128
1001088	129
1001097	130
1001107	131
1001116	132
1001126	133
1001136	134
1001145	135
1001150	67
1001163	68
1001171	69
1001179	70
1001187	71
1001196	72
1001204	73
1001212	74
1001220	75
1001228	76
1001236	77
1001244	78
1001252	79
1001260	80
1001268	81
1001276	82
1001284	83
1001292	84
1001300	85
1001309	86
1001317	87
1001325	88
1001333	89
1001341	90
1001349	91
1001357	92
1001365	93
1001373	94
1001381	95
1001389	96
1001397	97
1001406	98
1001414	99
1001422	100
1001430	101
1001438	102
1001446	103
1001454	104
1001462	105
1001471	106
1001479	107
1001487	108
1001496	109
1001504	110
1001513	111
1001522	112
1001531	113
1001540	114
1001549	115
1001558	116
1001567	117
1001576	118
1001586	119
1001595	120
1001605	121
1001614	122
1001624	123
1001634	124
1001642	62
1001653	63
1001661	64
1001669	65
1001677	66
1001685	67
1001693	68
1001701	69
1001709	70
1001717	71
1001725	72
1001733	73
1001741	74
1001749	75
1001757	76
1001766	77
1001774	78
1001782	79
1001790	80
1001798	81
1001806	82
1001814	83
1001822	84
1001830	85
1001838	86
1001846	87
1001854	88
1001862	89
1001870	90
1001879	91
1001887	92
1001895	93
1001903	94
1001911	95
1001919	96
1001927	97
1001935	98
1001943	99
1001951	100
1001960	101
1001968	102
1001976	103
1001985	104
1001994	105
1002002	106
1002011	107
1002020	108
1002029	109
1002038	110
1002047	111
1002056	112
1002066	113
1002075	114
1002085	115
1002094	116
1002104	117
1002114	118
1002121	59
1002132	60
1002140	61
1002148	62
1002156	63
1002164	64
1002172	65
1002180	66
1002188	67
1002196	68
1002204	69
1002213	70
1002221	71
1002229	72
1002237	73
1002245	74
1002253	75
1002261	76
1002269	77
1002277	78
1002285	79
1002293	80
1002302	81
1002310	82
1002318	83
1002326	84
1002334	85
1002342	86
1002350	87
1002358	88
1002366	89
1002375	90
1002383	91
1002391	92
1002399	93
1002407	94
1002415	95
1002423	96
1002431	97
1002440	98
1002448	99
1002456	100
1002465	101
1002473	102
1002482	103
1002491	104
1002500	105
1002509	106
1002518	107
1002527	108
1002536	109
1002545	110
1002555	111
1002564	112
1002574	113
1002583	114
1002593	115
1002603	116
1002610	58
1002621	59
1002629	60
1002637	61
1002645	62
1002653	63
1002661	64
1002669	65
1002677	66
1002685	67
1002693	68
1002702	69
1002710	70
1002718	71
1002726	72
1002734	73
1002742	74
1002750	75
1002758	76
1002766	77
1002774	78
1002782	79
1002790	80
1002798	81
1002807	82
1002815	83
1002823	84
1002831	85
1002839	86
1002847	87
1002855	88
1002863	89
1002871	90
1002879	91
1002887	92
1002895	93
1002903	94
1002911	95
1002920	96
1002928	97
1002936	98
1002945	99
1002953	100
1002962	101
1002971	102
1002979	103
1002988	104
1002997	105
1003006	106
1003016	107
1003025	108
1003034	109
1003043	110
1003053	111
1003063	112
1003072	113
1003082	114
1003089	57
1003100	58
1003108	59
1003116	60
1003124	61
1003132	62
1003140	63
1003148	64
1003156	65
1003165	66
1003173	67
1003181	68
1003189	69
1003197	70
1003205	71
1003213	72
1003221	73
1003229	74
1003237	75
1003245	76
1003254	77
1003262	78
1003270	79
1003278	80
1003286	81
1003294	82
1003302	83
1003310	84
1003318	85
1003327	86
1003335	87
1003343	88
1003351	89
1003359	90
1003367	91
1003375	92
1003383	93
1003392	94
1003400	95
1003408	96
1003416	97
1003425	98
1003433	99
1003442	100
1003450	101
1003459	102
1003468	103
1003477	104
1003486	105
1003495	106
1003504	107
1003513	108
1003523	109
1003532	110
1003542	111
1003552	112
1003561	113
1003571	114
1003578	57
1003589	58
1003597	59
1003605	60
1003613	61
1003621	62
1003629	63
1003637	64
1003646	65
1003654	66
1003662	67
1003670	68
1003678	69
1003686	70
1003694	71
1003702	72
1003710	73
1003718	74
1003726	75
1003734	76
1003742	77
1003750	78
1003759	79
1003767	80
1003775	81
1003783	82
1003791	83
1003799	84
1003807	85
1003815	86
1003823	87
1003831	88
1003839	89
1003847	90
1003855	91
1003864	92
1003872	93
1003880	94
1003888	95
1003896	96
1003905	97
1003913	98
1003921	99
1003930	100
1003939	101
1003948	102
1003957	103
1003965	104
1003975	105
1003984	106
1003993	107
1004002	108
1004012	109
1004021	110
1004031	111
1004040	112
1004050	113
1004058	56
1004068	57
1004076	58
1004084	59
1004092	60
1004100	61
1004108	62
1004116	63
1004124	64
1004132	65
1004140	66
1004148	67
1004156	68
1004164	69
1004172	70
1004181	71
1004189	72
1004197	73
1004205	74
1004213	75
1004221	76
1004229	77
1004237	78
1004245	79
1004254	80
1004262	81
1004270	82
1004278	83
1004286	84
1004294	85
1004302	86
1004310	87
1004318	88
1004327	89
1004335	90
1004343	91
1004351	92
1004359	93
1004367	94
1004375	95
1004384	96
1004392	97
1004401	98
1004409	99
1004418	100
1004427	101
1004436	102
1004444	103
1004453	104
1004463	105
1004472	106
1004481	107
1004490	108
1004500	109
1004509	110
1004519	111
1004529	112
1004539	113
1004547	56
1004556	57
1004565	58
1004573	59
1004581	60
1004589	61
1004597	62
1004605	63
1004613	64
1004621	65
1004629	66
1004637	67
1004645	68
1004653	69
1004661	70
1004669	71
1004678	72
1004686	73
1004694	74
1004702	75
1004710	76
1004718	77
1004726	78
1004734	79
1004742	80
1004750	81
1004758	82
1004766	83
1004774	84
1004782	85
1004791	86
1004799	87
1004807	88
1004815	89
1004823	90
1004831	91
1004839	92
1004847	93
1004855	94
1004864	95
1004872	96
1004880	97
1004889	98
1004898	99
1004906	100
1004915	101
1004924	102
1004933	103
1004942	104
1004951	105
1004960	106
1004970	107
1004979	108
1004989	109
1004998	110
1005008	111
1005018	112
1005026	56
1005036	57
1005044	58
1005052	59
1005060	60
1005068	61
1005077	62
1005085	63
1005093	64
1005101	65
1005109	66
1005117	67
1005125	68
1005133	69
1005141	70
1005149	71
1005157	72
1005165	73
1005174	74
1005182	75
1005190	76
1005198	77
1005206	78
1005214	79
1005222	80
1005230	81
1005238	82
1005247	83
1005255	84
1005263	85
1005271	86
1005279	87
1005287	88
1005295	89
1005303	90
1005311	91
1005320	92
1005328	93
1005336	94
1005344	95
1005352	96
1005361	97
1005369	98
1005378	99
1005387	100
1005395	101
1005404	102
1005413	103
1005422	104
1005431	105
1005440	106
1005450	107
1005459	108
1005469	109
1005478	110
1005488	111
1005497	112
1005507	113
1005515	56
1005525	57
1005533	58
1005541	59
1005549	60
1005557	61
1005565	62
1005573	63
1005581	64
1005589	65
1005597	66
1005605	67
1005614	68
1005622	69
1005630	70
1005638	71
1005646	72
1005654	73
1005662	74
1005670	75
1005678	76
1005686	77
1005694	78
1005702	79
1005710	80
1005719	81
1005727	82
1005735	83
1005743	84
1005751	85
1005759	86
1005767	87
1005775	88
1005783	89
1005791	90
1005799	91
1005807	92
1005815	93
1005824	94
1005832	95
1005840	96
1005849	97
1005857	98
1005866	99
1005875	100
1005883	101
1005892	102
1005901	103
1005910	104
1005919	105
1005929	106
1005938	107
1005947	108
1005957	109
1005967	110
1005976	111
1005986	112
1005994	56
1006004	57
1006012	58
1006021	59
1006029	60
1006037	61
1006045	62
1006053	63
1006061	64
1006069	65
1006077	66
1006085	67
1006093	68
1006101	69
1006109	70
1006117	71
1006126	72
1006134	73
1006142	74
1006150	75
1006158	76
1006166	77
1006174	78
1006182	79
1006190	80
1006199	81
1006207	82
1006215	83
1006223	84
1006231	85
1006239	86
1006247	87
1006255	88
1006264	89
1006272	90
1006280	91
1006288	92
1006296	93
1006304	94
1006312	95
1006321	96
1006329	97
1006338	98
1006346	99
1006355	100
1006364	101
1006372	102
1006381	103
1006390	104
1006399	105
1006409	106
1006418	107
1006427	108
1006437	109
1006446	110
1006456	111
1006466	112
1006475	113
1006483	56
1006493	57
1006501	58
1006509	59
1006517	60
1006525	61
1006533	62
1006541	63
1006549	64
1006558	65
1006566	66
1006574	67
1006582	68
1006590	69
1006598	70
1006606	71
1006614	72
1006622	73
1006630	74
1006638	75
1006646	76
1006654	77
1006663	78
1006671	79
1006679	80
1006687	81
1006695	82
1006703	83
1006711	84
1006719	85
1006727	86
1006735	87
1006743	88
1006751	89
1006759	90
1006767	91
1006776	92
1006784	93
1006792	94
1006800	95
1006808	96
1006817	97
1006825	98
1006834	99
1006843	100
1006852	101
1006860	102
1006869	103
1006879	104
1006888	105
1006897	106
1006906	107
1006916	108
1006925	109
1006935	110
1006944	111
1006954	112
1006962	56
1006973	57
1006981	58
1006989	59
1006997	60
1007005	61
1007013	62
1007021	63
1007029	64
1007037	65
1007045	66
1007053	67
1007061	68
1007069	69
1007078	70
1007086	71
1007094	72
1007102	73
1007110	74
1007118	75
1007126	76
1007134	77
1007142	78
1007151	79
1007159	80
1007167	81
1007175	82
1007183	83
1007191	84
1007199	85
1007207	86
1007216	87
1007224	88
1007232	89
1007240	90
1007248	91
1007256	92
1007264	93
1007272	94
1007281	95
1007289	96
1007297	97
1007306	98
1007314	99
1007323	100
1007332	101
1007341	102
1007350	103
1007359	104
1007368	105
1007377	106
1007386	107
1007396	108
1007405	109
1007415	110
1007424	111
1007434	112
1007444	113
1007451	56
1007461	57
1007469	58
1007477	59
1007485	60
1007493	61
1007502	62
1007510	63
1007518	64
1007526	65
1007534	66
1007542	67
1007550	68
1007558	69
1007566	70
1007574	71
1007582	72
1007590	73
1007598	74
1007607	75
1007615	76
1007623	77
1007631	78
1007639	79
1007647	80
1007655	81
1007663	82
1007671	83
1007679	84
1007687	85
1007695	86
1007703	87
1007711	88
1007720	89
1007728	90
1007736	91
1007744	92
1007752	93
1007760	94
1007768	95
1007777	96
1007785	97
1007794	98
1007802	99
1007811	100
1007820	101
1007829	102
1007838	103
1007847	104
1007856	105
1007865	106
1007874	107
1007884	108
1007893	109
1007903	110
1007913	111
1007922	112
1007930	56
1007941	57
1007949	58
1007957	59
1007965	60
1007973	61
1007981	62
1007989	63
1007997	64
1008005	65
1008013	66
1008022	67
1008030	68
1008038	69
1008046	70
1008054	71
1008062	72
1008070	73
1008078	74
1008086	75
1008094	76
1008103	77
1008111	78
1008119	79
1008127	80
1008135	81
1008143	82
1008151	83
1008159	84
1008167	85
1008176	86
1008184	87
1008192	88
1008200	89
1008208	90
1008216	91
1008224	92
1008232	93
1008241	94
1008249	95
1008257	96
1008266	97
1008274	98
1008283	99
1008291	100
1008300	101
1008309	102
1008318	103
1008327	104
1008336	105
1008345	106
1008354	107
1008364	108
1008373	109
1008383	110
1008392	111
1008402	112
1008412	113
1008420	56
1008429	57
1008437	58
1008446	59
1008454	60
1008462	61
1008470	62
1008478	63
1008486	64
1008494	65
1008502	66
1008510	67
1008518	68
1008526	69
1008534	70
1008542	71
1008551	72
1008559	73
1008567	74
1008575	75
1008583	76
1008591	77
1008599	78
1008607	79
1008615	80
1008623	81
1008631	82
1008639	83
1008647	84
1008655	85
1008664	86
1008672	87
1008680	88
1008688	89
1008696	90
1008704	91
1008712	92
1008720	93
1008728	94
1008737	95
1008745	96
1008753	97
1008762	98
1008771	99
1008779	100
1008788	101
1008797	102
1008806	103
1008815	104
1008824	105
1008833	106
1008843	107
1008852	108
1008862	109
1008871	110
1008881	111
1008891	112
1008899	56
1008909	57
1008917	58
1008925	59
1008933	60
1008941	61
1008949	62
1008957	63
1008966	64
1008974	65
1008982	66
1008990	67
1008998	68
1009006	69
1009014	70
1009022	71
1009030	72
1009038	73
1009046	74
1009055	75
1009063	76
1009071	77
1009079	78
1009087	79
1009095	80
1009103	81
1009111	82
1009119	83
1009128	84
1009136	85
1009144	86
1009152	87
1009160	88
1009168	89
1009176	90
1009184	91
1009193	92
1009201	93
1009209	94
1009217	95
1009225	96
1009234	97
1009242	98
1009251	99
1009259	100
1009268	101
1009277	102
1009286	103
1009295	104
1009304	105
1009313	106
1009323	107
1009332	108
1009341	109
1009351	110
1009361	111
1009370	112
1009380	113
1009388	56
1009398	57
1009406	58
1009414	59
1009422	60
1009430	61
1009438	62
1009446	63
1009454	64
1009462	65
1009470	66
1009478	67
1009486	68
1009495	69
1009503	70
1009511	71
1009519	72
1009527	73
1009535	74
1009543	75
1009551	76
1009559	77
1009567	78
1009575	79
1009583	80
1009591	81
1009599	82
1009608	83
1009616	84
1009624	85
1009632	86
1009640	87
1009648	88
1009656	89
1009664	90
1009672	91
1009680	92
1009688	93
1009696	94
1009705	95
1009713	96
1009722	97
1009730	98
1009739	99
1009747	100
1009756	101
1009765	102
1009774	103
1009783	104
1009792	105
1009802	106
1009811	107
1009820	108
1009830	109
1009839	110
1009849	111
1009859	112
1009867	56
1009877	57
1009885	58
1009893	59
1009901	60
1009910	61
1009918	62
1009926	63
1009934	64
1009942	65
1009950	66
1009958	67
1009966	68
1009974	69
1009982	70
1009990	71
1009998	72
