1000000	400
1000016	401
1000025	402
1000034	403
1000043	404
1000052	405
1000061	406
1000070	407
1000080	408
1000089	409
1000098	410
1000107	411
1000117	412
1000126	413
1000135	414
1000145	415
1000154	416
1000164	417
1000173	418
1000183	419
1000193	420
1000202	421
1000212	422
1000222	423
1000226	211
1000241	212
1000249	213
1000257	214
1000265	215
1000273	216
1000281	217
1000289	218
1000297	219
1000305	220
1000313	221
1000321	222
1000329	223
1000337	224
1000346	225
1000354	226
1000362	227
1000370	228
1000378	229
1000386	230
1000394	231
1000402	232
1000410	233
1000418	234
1000426	235
1000434	236
1000442	237
1000451	238
1000459	239
1000467	240
1000475	241
1000483	242
1000491	243
1000499	244
1000507	245
1000515	246
1000523	247
1000531	248
1000539	249
1000547	250
1000555	251
1000564	252
1000572	253
1000580	254
1000588	255
1000596	256
1000604	257
1000612	258
1000620	259
1000628	260
1000636	261
1000644	262
1000652	263
1000660	264
1000668	265
1000677	266
1000685	267
1000693	268
1000701	269
1000709	270
1000717	271
1000725	272
1000733	273
1000741	274
1000749	275
1000757	276
1000765	277
1000773	278
1000782	279
1000790	280
1000798	281
1000806	282
1000814	283
1000822	284
1000830	285
1000838	286
1000846	287
1000855	288
1000863	289
1000871	290
1000880	291
1000888	292
1000896	293
1000905	294
1000913	295
1000922	296
1000931	297
1000939	298
1000948	299
1000957	300
1000966	301
1000974	302
1000983	303
1000992	304
1001001	305
1001010	306
1001019	307
1001028	308
1001038	309
1001047	310
1001056	311
1001065	312
1001075	313
1001084	314
1001093	315
1001103	316
1001112	317
1001122	318
1001131	319
1001141	320
1001151	321
1001160	322
1001170	323
1001180	324
1001186	162
1001201	163
1001209	164
1001217	165
1001225	166
1001233	167
1001241	168
1001249	169
1001257	170
1001265	171
1001273	172
1001281	173
1001289	174
1001297	175
1001305	176
1001314	177
1001322	178
1001330	179
1001338	180
1001346	181
1001354	182
1001362	183
1001370	184
1001378	185
1001386	186
1001394	187
1001402	188
1001410	189
1001419	190
1001427	191
1001435	192
1001443	193
1001451	194
1001459	195
1001467	196
1001475	197
1001483	198
1001491	199
1001499	200
1001507	201
1001515	202
1001523	203
1001532	204
1001540	205
1001548	206
1001556	207
1001564	208
1001572	209
1001580	210
1001588	211
1001596	212
1001604	213
1001612	214
1001620	215
1001628	216
1001637	217
1001645	218
1001653	219
1001661	220
1001669	221
1001677	222
1001685	223
1001693	224
1001701	225
1001709	226
1001717	227
1001725	228
1001733	229
1001741	230
1001750	231
1001758	232
1001766	233
1001774	234
1001782	235
1001790	236
1001798	237
1001806	238
1001815	239
1001823	240
1001831	241
1001840	242
1001848	243
1001857	244
1001865	245
1001874	246
1001882	247
1001891	248
1001900	249
1001909	250
1001917	251
1001926	252
1001935	253
1001944	254
1001953	255
1001962	256
1001971	257
1001980	258
1001989	259
1001999	260
1002008	261
1002017	262
1002026	263
1002036	264
1002045	265
1002055	266
1002064	267
1002074	268
1002083	269
1002093	270
1002103	271
1002112	272
1002122	273
1002132	274
1002137	137
1002150	138
1002159	139
1002167	140
1002175	141
1002183	142
1002191	143
1002199	144
1002207	145
1002215	146
1002223	147
1002231	148
1002239	149
1002247	150
1002255	151
1002264	152
1002272	153
1002280	154
1002288	155
1002296	156
1002304	157
1002312	158
1002320	159
1002328	160
1002336	161
1002344	162
1002352	163
1002360	164
1002368	165
1002377	166
1002385	167
1002393	168
1002401	169
1002409	170
1002417	171
1002425	172
1002433	173
1002441	174
1002449	175
1002457	176
1002465	177
1002473	178
1002482	179
1002490	180
1002498	181
1002506	182
1002514	183
1002522	184
1002530	185
1002538	186
1002546	187
1002554	188
1002562	189
1002570	190
1002578	191
1002586	192
1002595	193
1002603	194
1002611	195
1002619	196
1002627	197
1002635	198
1002643	199
1002651	200
1002659	201
1002667	202
1002675	203
1002683	204
1002691	205
1002699	206
1002708	207
1002716	208
1002724	209
1002732	210
1002740	211
1002748	212
1002756	213
1002765	214
1002773	215
1002781	216
1002790	217
1002798	218
1002807	219
1002815	220
1002824	221
1002832	222
1002841	223
1002850	224
1002859	225
1002867	226
1002876	227
1002885	228
1002894	229
1002903	230
1002912	231
1002921	232
1002930	233
1002939	234
1002949	235
1002958	236
1002967	237
1002976	238
1002986	239
1002995	240
1003005	241
1003014	242
1003024	243
1003033	244
1003043	245
1003053	246
1003062	247
1003072	248
1003082	249
1003086	124
1003099	125
1003107	126
1003115	127
1003123	128
1003131	129
1003139	130
1003147	131
1003155	132
1003163	133
1003171	134
1003179	135
1003187	136
1003195	137
1003204	138
1003212	139
1003220	140
1003228	141
1003236	142
1003244	143
1003252	144
1003260	145
1003268	146
1003276	147
1003284	148
1003292	149
1003300	150
1003309	151
1003317	152
1003325	153
1003333	154
1003341	155
1003349	156
1003357	157
1003365	158
1003373	159
1003381	160
1003389	161
1003397	162
1003405	163
1003413	164
1003422	165
1003430	166
1003438	167
1003446	168
1003454	169
1003462	170
1003470	171
1003478	172
1003486	173
1003494	174
1003502	175
1003510	176
1003518	177
1003527	178
1003535	179
1003543	180
1003551	181
1003559	182
1003567	183
1003575	184
1003583	185
1003591	186
1003599	187
1003607	188
1003615	189
1003623	190
1003631	191
1003640	192
1003648	193
1003656	194
1003664	195
1003672	196
1003680	197
1003688	198
1003696	199
1003704	200
1003713	201
1003721	202
1003729	203
1003738	204
1003746	205
1003755	206
1003763	207
1003772	208
1003780	209
1003789	210
1003798	211
1003806	212
1003815	213
1003824	214
1003833	215
1003842	216
1003851	217
1003860	218
1003869	219
1003878	220
1003887	221
1003896	222
1003905	223
1003915	224
1003924	225
1003933	226
1003943	227
1003952	228
1003962	229
1003971	230
1003981	231
1003990	232
1004000	233
1004010	234
1004019	235
1004029	236
1004035	118
1004048	119
1004056	120
1004064	121
1004072	122
1004080	123
1004088	124
1004097	125
1004105	126
1004113	127
1004121	128
1004129	129
1004137	130
1004145	131
1004153	132
1004161	133
1004169	134
1004177	135
1004185	136
1004193	137
1004201	138
1004210	139
1004218	140
1004226	141
1004234	142
1004242	143
1004250	144
1004258	145
1004266	146
1004274	147
1004282	148
1004290	149
1004298	150
1004306	151
1004315	152
1004323	153
1004331	154
1004339	155
1004347	156
1004355	157
1004363	158
1004371	159
1004379	160
1004387	161
1004395	162
1004403	163
1004412	164
1004420	165
1004428	166
1004436	167
1004444	168
1004452	169
1004460	170
1004468	171
1004476	172
1004484	173
1004493	174
1004501	175
1004509	176
1004517	177
1004525	178
1004533	179
1004541	180
1004549	181
1004557	182
1004565	183
1004573	184
1004582	185
1004590	186
1004598	187
1004606	188
1004614	189
1004622	190
1004630	191
1004638	192
1004646	193
1004655	194
1004663	195
1004671	196
1004680	197
1004688	198
1004696	199
1004705	200
1004713	201
1004722	202
1004730	203
1004739	204
1004748	205
1004757	206
1004765	207
1004774	208
1004783	209
1004792	210
1004801	211
1004810	212
1004819	213
1004828	214
1004837	215
1004846	216
1004856	217
1004865	218
1004874	219
1004883	220
1004893	221
1004902	222
1004912	223
1004921	224
1004931	225
1004940	226
1004950	227
1004960	228
1004970	229
1004979	230
1004985	115
1004998	116
1005006	117
1005014	118
1005022	119
1005030	120
1005038	121
1005046	122
1005054	123
1005062	124
1005070	125
1005078	126
1005086	127
1005094	128
1005102	129
1005111	130
1005119	131
1005127	132
1005135	133
1005143	134
1005151	135
1005159	136
1005167	137
1005175	138
1005183	139
1005191	140
1005199	141
1005207	142
1005216	143
1005224	144
1005232	145
1005240	146
1005248	147
1005256	148
1005264	149
1005272	150
1005280	151
1005288	152
1005296	153
1005304	154
1005313	155
1005321	156
1005329	157
1005337	158
1005345	159
1005353	160
1005361	161
1005369	162
1005377	163
1005385	164
1005393	165
1005402	166
1005410	167
1005418	168
1005426	169
1005434	170
1005442	171
1005450	172
1005458	173
1005466	174
1005474	175
1005483	176
1005491	177
1005499	178
1005507	179
1005515	180
1005523	181
1005531	182
1005539	183
1005547	184
1005555	185
1005563	186
1005572	187
1005580	188
1005588	189
1005596	190
1005604	191
1005612	192
1005621	193
1005629	194
1005637	195
1005646	196
1005654	197
1005663	198
1005671	199
1005680	200
1005689	201
1005697	202
1005706	203
1005715	204
1005724	205
1005733	206
1005741	207
1005750	208
1005759	209
1005768	210
1005778	211
1005787	212
1005796	213
1005805	214
1005814	215
1005824	216
1005833	217
1005842	218
1005852	219
1005861	220
1005871	221
1005880	222
1005890	223
1005900	224
1005909	225
1005919	226
1005929	227
1005934	113
1005946	114
1005954	115
1005962	116
1005970	117
1005978	118
1005986	119
1005994	120
1006002	121
1006010	122
1006018	123
1006026	124
1006034	125
1006043	126
1006051	127
1006059	128
1006067	129
1006075	130
1006083	131
1006091	132
1006099	133
1006107	134
1006115	135
1006123	136
1006131	137
1006139	138
1006147	139
1006156	140
1006164	141
1006172	142
1006180	143
1006188	144
1006196	145
1006204	146
1006212	147
1006220	148
1006228	149
1006236	150
1006244	151
1006253	152
1006261	153
1006269	154
1006277	155
1006285	156
1006293	157
1006301	158
1006309	159
1006317	160
1006325	161
1006333	162
1006342	163
1006350	164
1006358	165
1006366	166
1006374	167
1006382	168
1006390	169
1006398	170
1006406	171
1006414	172
1006423	173
1006431	174
1006439	175
1006447	176
1006455	177
1006463	178
1006471	179
1006479	180
1006487	181
1006495	182
1006504	183
1006512	184
1006520	185
1006528	186
1006536	187
1006544	188
1006552	189
1006560	190
1006569	191
1006577	192
1006585	193
1006594	194
1006602	195
1006611	196
1006619	197
1006628	198
1006636	199
1006645	200
1006654	201
1006663	202
1006671	203
1006680	204
1006689	205
1006698	206
1006707	207
1006716	208
1006725	209
1006734	210
1006743	211
1006753	212
1006762	213
1006771	214
1006780	215
1006790	216
1006799	217
1006809	218
1006818	219
1006828	220
1006837	221
1006847	222
1006857	223
1006866	224
1006876	225
1006886	226
1006892	113
1006905	114
1006913	115
1006921	116
1006929	117
1006937	118
1006945	119
1006953	120
1006961	121
1006969	122
1006977	123
1006986	124
1006994	125
1007002	126
1007010	127
1007018	128
1007026	129
1007034	130
1007042	131
1007050	132
1007058	133
1007066	134
1007074	135
1007082	136
1007091	137
1007099	138
1007107	139
1007115	140
1007123	141
1007131	142
1007139	143
1007147	144
1007155	145
1007163	146
1007171	147
1007179	148
1007187	149
1007195	150
1007204	151
1007212	152
1007220	153
1007228	154
1007236	155
1007244	156
1007252	157
1007260	158
1007268	159
1007276	160
1007284	161
1007292	162
1007300	163
1007309	164
1007317	165
1007325	166
1007333	167
1007341	168
1007349	169
1007357	170
1007365	171
1007373	172
1007381	173
1007389	174
1007397	175
1007405	176
1007413	177
1007422	178
1007430	179
1007438	180
1007446	181
1007454	182
1007462	183
1007470	184
1007478	185
1007486	186
1007494	187
1007502	188
1007511	189
1007519	190
1007527	191
1007536	192
1007544	193
1007553	194
1007561	195
1007570	196
1007578	197
1007587	198
1007595	199
1007604	200
1007613	201
1007622	202
1007631	203
1007639	204
1007648	205
1007657	206
1007666	207
1007675	208
1007685	209
1007694	210
1007703	211
1007712	212
1007721	213
1007731	214
1007740	215
1007750	216
1007759	217
1007768	218
1007778	219
1007788	220
1007797	221
1007807	222
1007817	223
1007826	224
1007836	225
1007841	112
1007853	113
1007861	114
1007869	115
1007877	116
1007885	117
1007894	118
1007902	119
1007910	120
1007918	121
1007926	122
1007934	123
1007942	124
1007950	125
1007958	126
1007966	127
1007974	128
1007982	129
1007990	130
1007998	131
1008007	132
1008015	133
1008023	134
1008031	135
1008039	136
1008047	137
1008055	138
1008063	139
1008071	140
1008079	141
1008087	142
1008095	143
1008103	144
1008112	145
1008120	146
1008128	147
1008136	148
1008144	149
1008152	150
1008160	151
1008168	152
1008176	153
1008184	154
1008192	155
1008200	156
1008208	157
1008216	158
1008225	159
1008233	160
1008241	161
1008249	162
1008257	163
1008265	164
1008273	165
1008281	166
1008289	167
1008297	168
1008305	169
1008313	170
1008321	171
1008329	172
1008338	173
1008346	174
1008354	175
1008362	176
1008370	177
1008378	178
1008386	179
1008394	180
1008402	181
1008410	182
1008418	183
1008426	184
1008434	185
1008443	186
1008451	187
1008459	188
1008467	189
1008475	190
1008484	191
1008492	192
1008501	193
1008509	194
1008518	195
1008526	196
1008535	197
1008543	198
1008552	199
1008561	200
1008570	201
1008578	202
1008587	203
1008596	204
1008605	205
1008614	206
1008623	207
1008632	208
1008641	209
1008651	210
1008660	211
1008669	212
1008678	213
1008688	214
1008697	215
1008707	216
1008716	217
1008726	218
1008735	219
1008745	220
1008754	221
1008764	222
1008774	223
1008784	224
1008790	112
1008803	113
1008811	114
1008819	115
1008827	116
1008835	117
1008843	118
1008851	119
1008859	120
1008867	121
1008875	122
1008883	123
1008891	124
1008899	125
1008907	126
1008916	127
1008924	128
1008932	129
1008940	130
1008948	131
1008956	132
1008964	133
1008972	134
1008980	135
1008988	136
1008996	137
1009004	138
1009012	139
1009021	140
1009029	141
1009037	142
1009045	143
1009053	144
1009061	145
1009069	146
1009077	147
1009085	148
1009093	149
1009101	150
1009110	151
1009118	152
1009126	153
1009134	154
1009142	155
1009150	156
1009158	157
1009166	158
1009174	159
1009182	160
1009190	161
1009199	162
1009207	163
1009215	164
1009223	165
1009231	166
1009239	167
1009247	168
1009255	169
1009263	170
1009271	171
1009280	172
1009288	173
1009296	174
1009304	175
1009312	176
1009320	177
1009328	178
1009336	179
1009344	180
1009352	181
1009360	182
1009369	183
1009377	184
1009385	185
1009393	186
1009401	187
1009409	188
1009418	189
1009426	190
1009434	191
1009443	192
1009451	193
1009459	194
1009468	195
1009476	196
1009485	197
1009494	198
1009502	199
1009511	200
1009520	201
1009529	202
1009538	203
1009547	204
1009555	205
1009564	206
1009574	207
1009583	208
1009592	209
1009601	210
1009610	211
1009619	212
1009629	213
1009638	214
1009647	215
1009657	216
1009666	217
1009676	218
1009685	219
1009695	220
1009705	221
1009714	222
1009724	223
1009734	224
1009739	112
1009752	113
1009760	114
1009768	115
1009776	116
1009784	117
1009792	118
1009801	119
1009809	120
1009817	121
1009825	122
1009833	123
1009841	124
1009849	125
1009857	126
1009865	127
1009873	128
1009881	129
1009889	130
1009897	131
1009906	132
1009914	133
1009922	134
1009930	135
1009938	136
1009946	137
1009954	138
1009962	139
1009970	140
1009978	141
1009986	142
1009994	143
