1000000	1
1000008	2
1000016	3
1000024	4
1000032	5
1000041	6
1000049	7
1000058	8
1000067	9
1000076	10
1000093	11
1000102	12
1000112	13
1000121	14
1000130	15
1000140	16
1000149	17
1000159	18
1000168	19
1000178	20
1000187	21
1000197	22
1000207	23
1000217	24
1000226	25
1000227	12
1000244	13
1000252	14
1000260	15
1000268	16
1000276	17
1000285	18
1000293	19
1000301	20
1000309	21
1000317	22
1000325	23
1000333	24
1000341	25
1000349	26
1000357	27
1000366	28
1000374	29
1000382	30
1000390	31
1000398	32
1000406	33
1000414	34
1000422	35
1000430	36
1000438	37
1000446	38
1000455	39
1000463	40
1000471	41
1000479	42
1000487	43
1000495	44
1000503	45
1000511	46
1000519	47
1000527	48
1000536	49
1000544	50
1000552	51
1000560	52
1000568	53
1000576	54
1000584	55
1000592	56
1000600	57
1000608	58
1000616	59
1000625	60
1000633	61
1000641	62
1000649	63
1000657	64
1000665	65
1000673	66
1000681	67
1000689	68
1000697	69
1000706	70
1000714	71
1000722	72
1000730	73
1000738	74
1000746	75
1000754	76
1000762	77
1000770	78
1000778	79
1000787	80
1000795	81
1000803	82
1000811	83
1000819	84
1000827	85
1000835	86
1000843	87
1000851	88
1000860	89
1000868	90
1000876	91
1000885	92
1000893	93
1000902	94
1000910	95
1000919	96
1000927	97
1000936	98
1000945	99
1000953	100
1000962	101
1000971	102
1000980	103
1000989	104
1000998	105
1001007	106
1001016	107
1001025	108
1001034	109
1001043	110
1001052	111
1001062	112
1001071	113
1001080	114
1001090	115
1001099	116
1001109	117
1001118	118
1001128	119
1001137	120
1001147	121
1001157	122
1001166	123
1001176	124
1001183	62
1001195	63
1001203	64
1001211	65
1001219	66
1001227	67
1001235	68
1001243	69
1001251	70
1001259	71
1001267	72
1001276	73
1001284	74
1001292	75
1001300	76
1001308	77
1001316	78
1001324	79
1001332	80
1001340	81
1001348	82
1001357	83
1001365	84
1001373	85
1001381	86
1001389	87
1001397	88
1001405	89
1001413	90
1001421	91
1001429	92
1001437	93
1001446	94
1001454	95
1001462	96
1001470	97
1001478	98
1001486	99
1001494	100
1001502	101
1001510	102
1001518	103
1001527	104
1001535	105
1001543	106
1001551	107
1001559	108
1001567	109
1001575	110
1001583	111
1001591	112
1001599	113
1001608	114
1001616	115
1001624	116
1001632	117
1001640	118
1001648	119
1001656	120
1001664	121
1001672	122
1001680	123
1001688	124
1001697	125
1001705	126
1001713	127
1001721	128
1001729	129
1001737	130
1001745	131
1001753	132
1001761	133
1001769	134
1001778	135
1001786	136
1001794	137
1001802	138
1001810	139
1001819	140
1001827	141
1001835	142
1001844	143
1001852	144
1001861	145
1001869	146
1001878	147
1001886	148
1001895	149
1001904	150
1001913	151
1001922	152
1001930	153
1001939	154
1001948	155
1001957	156
1001966	157
1001975	158
1001984	159
1001994	160
1002003	161
1002012	162
1002021	163
1002031	164
1002040	165
1002050	166
1002059	167
1002069	168
1002078	169
1002088	170
1002097	171
1002107	172
1002117	173
1002127	174
1002133	87
1002145	88
1002153	89
1002161	90
1002169	91
1002177	92
1002185	93
1002193	94
1002201	95
1002209	96
1002217	97
1002225	98
1002234	99
1002242	100
1002250	101
1002258	102
1002266	103
1002274	104
1002282	105
1002290	106
1002298	107
1002306	108
1002315	109
1002323	110
1002331	111
1002339	112
1002347	113
1002355	114
1002363	115
1002371	116
1002379	117
1002387	118
1002395	119
1002404	120
1002412	121
1002420	122
1002428	123
1002436	124
1002444	125
1002452	126
1002460	127
1002468	128
1002476	129
1002485	130
1002493	131
1002501	132
1002509	133
1002517	134
1002525	135
1002533	136
1002541	137
1002549	138
1002557	139
1002566	140
1002574	141
1002582	142
1002590	143
1002598	144
1002606	145
1002614	146
1002622	147
1002630	148
1002638	149
1002646	150
1002655	151
1002663	152
1002671	153
1002679	154
1002687	155
1002695	156
1002703	157
1002711	158
1002719	159
1002727	160
1002736	161
1002744	162
1002752	163
1002760	164
1002768	165
1002777	166
1002785	167
1002794	168
1002802	169
1002811	170
1002819	171
1002828	172
1002836	173
1002845	174
1002854	175
1002863	176
1002871	177
1002880	178
1002889	179
1002898	180
1002907	181
1002916	182
1002925	183
1002934	184
1002944	185
1002953	186
1002962	187
1002971	188
1002981	189
1002990	190
1003000	191
1003009	192
1003019	193
1003028	194
1003038	195
1003047	196
1003057	197
1003067	198
1003077	199
1003082	99
1003093	100
1003102	101
1003110	102
1003118	103
1003126	104
1003134	105
1003142	106
1003150	107
1003158	108
1003166	109
1003174	110
1003182	111
1003190	112
1003198	113
1003206	114
1003215	115
1003223	116
1003231	117
1003239	118
1003247	119
1003255	120
1003263	121
1003271	122
1003279	123
1003287	124
1003295	125
1003304	126
1003312	127
1003320	128
1003328	129
1003336	130
1003344	131
1003352	132
1003360	133
1003368	134
1003376	135
1003384	136
1003393	137
1003401	138
1003409	139
1003417	140
1003425	141
1003433	142
1003441	143
1003449	144
1003457	145
1003465	146
1003474	147
1003482	148
1003490	149
1003498	150
1003506	151
1003514	152
1003522	153
1003530	154
1003538	155
1003546	156
1003554	157
1003563	158
1003571	159
1003579	160
1003587	161
1003595	162
1003603	163
1003611	164
1003619	165
1003627	166
1003635	167
1003644	168
1003652	169
1003660	170
1003668	171
1003676	172
1003684	173
1003692	174
1003700	175
1003709	176
1003717	177
1003725	178
1003734	179
1003742	180
1003750	181
1003759	182
1003767	183
1003776	184
1003785	185
1003793	186
1003802	187
1003811	188
1003820	189
1003828	190
1003837	191
1003846	192
1003855	193
1003864	194
1003873	195
1003882	196
1003892	197
1003901	198
1003910	199
1003919	200
1003929	201
1003938	202
1003947	203
1003957	204
1003966	205
1003976	206
1003985	207
1003995	208
1004005	209
1004015	210
1004024	211
1004034	212
1004040	106
1004053	107
1004061	108
1004069	109
1004077	110
1004085	111
1004093	112
1004101	113
1004109	114
1004117	115
1004125	116
1004134	117
1004142	118
1004150	119
1004158	120
1004166	121
1004174	122
1004182	123
1004190	124
1004198	125
1004206	126
1004214	127
1004222	128
1004230	129
1004239	130
1004247	131
1004255	132
1004263	133
1004271	134
1004279	135
1004287	136
1004295	137
1004303	138
1004311	139
1004319	140
1004327	141
1004335	142
1004343	143
1004352	144
1004360	145
1004368	146
1004376	147
1004384	148
1004392	149
1004400	150
1004408	151
1004416	152
1004424	153
1004432	154
1004440	155
1004448	156
1004457	157
1004465	158
1004473	159
1004481	160
1004489	161
1004497	162
1004505	163
1004513	164
1004521	165
1004529	166
1004537	167
1004545	168
1004553	169
1004561	170
1004570	171
1004578	172
1004586	173
1004594	174
1004602	175
1004610	176
1004618	177
1004626	178
1004634	179
1004642	180
1004650	181
1004659	182
1004667	183
1004675	184
1004684	185
1004692	186
1004701	187
1004709	188
1004718	189
1004726	190
1004735	191
1004743	192
1004752	193
1004761	194
1004770	195
1004779	196
1004787	197
1004796	198
1004805	199
1004814	200
1004823	201
1004833	202
1004842	203
1004851	204
1004860	205
1004869	206
1004879	207
1004888	208
1004898	209
1004907	210
1004916	211
1004926	212
1004936	213
1004945	214
1004955	215
1004965	216
1004974	217
1004984	218
1004990	109
1005002	110
1005010	111
1005018	112
1005027	113
1005035	114
1005043	115
1005051	116
1005059	117
1005067	118
1005075	119
1005083	120
1005091	121
1005099	122
1005107	123
1005115	124
1005123	125
1005132	126
1005140	127
1005148	128
1005156	129
1005164	130
1005172	131
1005180	132
1005188	133
1005196	134
1005204	135
1005212	136
1005220	137
1005228	138
1005236	139
1005245	140
1005253	141
1005261	142
1005269	143
1005277	144
1005285	145
1005293	146
1005301	147
1005309	148
1005317	149
1005325	150
1005333	151
1005341	152
1005350	153
1005358	154
1005366	155
1005374	156
1005382	157
1005390	158
1005398	159
1005406	160
1005414	161
1005422	162
1005430	163
1005438	164
1005446	165
1005454	166
1005463	167
1005471	168
1005479	169
1005487	170
1005495	171
1005503	172
1005511	173
1005519	174
1005527	175
1005535	176
1005543	177
1005551	178
1005559	179
1005568	180
1005576	181
1005584	182
1005592	183
1005600	184
1005608	185
1005617	186
1005625	187
1005633	188
1005642	189
1005650	190
1005659	191
1005667	192
1005676	193
1005684	194
1005693	195
1005702	196
1005710	197
1005719	198
1005728	199
1005737	200
1005746	201
1005755	202
1005764	203
1005773	204
1005782	205
1005791	206
1005800	207
1005810	208
1005819	209
1005828	210
1005838	211
1005847	212
1005856	213
1005866	214
1005876	215
1005885	216
1005895	217
1005904	218
1005914	219
1005924	220
1005934	221
1005939	110
1005951	111
1005959	112
1005967	113
1005975	114
1005983	115
1005991	116
1005999	117
1006007	118
1006015	119
1006023	120
1006031	121
1006039	122
1006047	123
1006055	124
1006064	125
1006072	126
1006080	127
1006088	128
1006096	129
1006104	130
1006112	131
1006120	132
1006128	133
1006136	134
1006144	135
1006152	136
1006160	137
1006168	138
1006177	139
1006185	140
1006193	141
1006201	142
1006209	143
1006217	144
1006225	145
1006233	146
1006241	147
1006249	148
1006257	149
1006265	150
1006273	151
1006282	152
1006290	153
1006298	154
1006306	155
1006314	156
1006322	157
1006330	158
1006338	159
1006346	160
1006354	161
1006362	162
1006370	163
1006378	164
1006386	165
1006395	166
1006403	167
1006411	168
1006419	169
1006427	170
1006435	171
1006443	172
1006451	173
1006459	174
1006467	175
1006475	176
1006483	177
1006491	178
1006500	179
1006508	180
1006516	181
1006524	182
1006532	183
1006540	184
1006548	185
1006556	186
1006565	187
1006573	188
1006581	189
1006590	190
1006598	191
1006606	192
1006615	193
1006624	194
1006632	195
1006641	196
1006649	197
1006658	198
1006667	199
1006676	200
1006685	201
1006694	202
1006703	203
1006712	204
1006721	205
1006730	206
1006739	207
1006748	208
1006757	209
1006766	210
1006776	211
1006785	212
1006795	213
1006804	214
1006813	215
1006823	216
1006833	217
1006842	218
1006852	219
1006861	220
1006871	221
1006881	222
1006887	111
1006900	112
1006908	113
1006916	114
1006924	115
1006932	116
1006940	117
1006948	118
1006956	119
1006964	120
1006973	121
1006981	122
1006989	123
1006997	124
1007005	125
1007013	126
1007021	127
1007029	128
1007037	129
1007045	130
1007053	131
1007061	132
1007069	133
1007077	134
1007086	135
1007094	136
1007102	137
1007110	138
1007118	139
1007126	140
1007134	141
1007142	142
1007150	143
1007158	144
1007166	145
1007174	146
1007183	147
1007191	148
1007199	149
1007207	150
1007215	151
1007223	152
1007231	153
1007239	154
1007247	155
1007255	156
1007264	157
1007272	158
1007280	159
1007288	160
1007296	161
1007304	162
1007312	163
1007320	164
1007328	165
1007336	166
1007344	167
1007353	168
1007361	169
1007369	170
1007377	171
1007385	172
1007393	173
1007401	174
1007409	175
1007417	176
1007425	177
1007434	178
1007442	179
1007450	180
1007458	181
1007466	182
1007474	183
1007482	184
1007490	185
1007498	186
1007507	187
1007515	188
1007523	189
1007531	190
1007540	191
1007548	192
1007557	193
1007565	194
1007574	195
1007582	196
1007591	197
1007600	198
1007608	199
1007617	200
1007626	201
1007635	202
1007644	203
1007653	204
1007662	205
1007671	206
1007680	207
1007689	208
1007698	209
1007707	210
1007717	211
1007726	212
1007735	213
1007745	214
1007754	215
1007764	216
1007773	217
1007783	218
1007792	219
1007802	220
1007812	221
1007822	222
1007831	223
1007837	111
1007848	112
1007856	113
1007864	114
1007872	115
1007880	116
1007889	117
1007897	118
1007905	119
1007913	120
1007921	121
1007929	122
1007937	123
1007945	124
1007953	125
1007961	126
1007969	127
1007977	128
1007985	129
1007994	130
1008002	131
1008010	132
1008018	133
1008026	134
1008034	135
1008042	136
1008050	137
1008058	138
1008066	139
1008074	140
1008082	141
1008090	142
1008098	143
1008107	144
1008115	145
1008123	146
1008131	147
1008139	148
1008147	149
1008155	150
1008163	151
1008171	152
1008179	153
1008188	154
1008196	155
1008204	156
1008212	157
1008220	158
1008228	159
1008236	160
1008244	161
1008252	162
1008260	163
1008269	164
1008277	165
1008285	166
1008293	167
1008301	168
1008309	169
1008317	170
1008325	171
1008333	172
1008341	173
1008349	174
1008358	175
1008366	176
1008374	177
1008382	178
1008390	179
1008398	180
1008406	181
1008414	182
1008422	183
1008430	184
1008439	185
1008447	186
1008455	187
1008463	188
1008471	189
1008480	190
1008488	191
1008496	192
1008505	193
1008513	194
1008522	195
1008530	196
1008539	197
1008548	198
1008556	199
1008565	200
1008574	201
1008583	202
1008592	203
1008601	204
1008610	205
1008619	206
1008628	207
1008637	208
1008646	209
1008655	210
1008664	211
1008674	212
1008683	213
1008692	214
1008702	215
1008711	216
1008721	217
1008730	218
1008740	219
1008750	220
1008759	221
1008769	222
1008779	223
1008789	224
1008795	112
1008807	113
1008816	114
1008824	115
1008832	116
1008840	117
1008848	118
1008856	119
1008864	120
1008872	121
1008880	122
1008888	123
1008896	124
1008904	125
1008912	126
1008921	127
1008929	128
1008937	129
1008945	130
1008953	131
1008961	132
1008969	133
1008977	134
1008985	135
1008993	136
1009001	137
1009009	138
1009017	139
1009025	140
1009034	141
1009042	142
1009050	143
1009058	144
1009066	145
1009074	146
1009082	147
1009090	148
1009098	149
1009106	150
1009114	151
1009122	152
1009130	153
1009138	154
1009147	155
1009155	156
1009163	157
1009171	158
1009179	159
1009187	160
1009195	161
1009203	162
1009211	163
1009219	164
1009227	165
1009235	166
1009243	167
1009252	168
1009260	169
1009268	170
1009276	171
1009284	172
1009292	173
1009300	174
1009308	175
1009316	176
1009324	177
1009332	178
1009340	179
1009348	180
1009356	181
1009365	182
1009373	183
1009381	184
1009389	185
1009397	186
1009405	187
1009413	188
1009422	189
1009430	190
1009438	191
1009447	192
1009455	193
1009464	194
1009472	195
1009481	196
1009489	197
1009498	198
1009507	199
1009516	200
1009524	201
1009533	202
1009542	203
1009551	204
1009560	205
1009569	206
1009578	207
1009587	208
1009596	209
1009606	210
1009615	211
1009624	212
1009633	213
1009643	214
1009652	215
1009662	216
1009671	217
1009681	218
1009690	219
1009700	220
1009710	221
1009719	222
1009729	223
1009739	224
1009744	112
1009757	113
1009765	114
1009773	115
1009781	116
1009789	117
1009797	118
1009805	119
1009814	120
1009822	121
1009830	122
1009838	123
1009846	124
1009854	125
1009862	126
1009870	127
1009878	128
1009886	129
1009894	130
1009902	131
1009910	132
1009919	133
1009927	134
1009935	135
1009943	136
1009951	137
1009959	138
1009967	139
1009975	140
1009983	141
1009991	142
1009999	143
