1000000	1
1000016	2
1000032	3
1000048	4
1000064	5
1000080	6
1000096	7
1000112	8
1000128	9
1000144	10
1000176	11
1000192	12
1000208	13
1000224	14
1000241	15
1000257	16
1000273	17
1000289	18
1000305	19
1000321	20
1000337	21
1000353	22
1000369	23
1000385	24
1000401	25
1000417	26
1000434	27
1000450	28
1000466	29
1000482	30
1000498	31
1000514	32
1000530	33
1000546	34
1000562	35
1000578	36
1000594	37
1000610	38
1000627	39
1000643	40
1000659	41
1000675	42
1000691	43
1000707	44
1000724	45
1000740	46
1000756	47
1000772	48
1000788	49
1000805	50
1000821	51
1000837	52
1000853	53
1000869	54
1000885	55
1000902	56
1000918	57
1000934	58
1000950	59
1000966	60
1000983	61
1000999	62
1001015	63
1001031	64
1001047	65
1001064	66
1001080	67
1001096	68
1001112	69
1001128	70
1001144	71
1001161	72
1001177	73
1001193	74
1001209	75
1001225	76
1001241	77
1001258	78
1001274	79
1001290	80
1001306	81
1001322	82
1001339	83
1001355	84
1001371	85
1001387	86
1001403	87
1001419	88
1001435	89
1001451	90
1001468	91
1001484	92
1001500	93
1001516	94
1001532	95
1001548	96
1001564	97
1001580	98
1001597	99
1001613	100
1001629	101
1001645	102
1001661	103
1001677	104
1001693	105
1001709	106
1001725	107
1001742	108
1001758	109
1001774	110
1001790	111
1001806	112
1001822	113
1001838	114
1001854	115
1001871	116
1001887	117
1001903	118
1001919	119
1001935	120
1001951	121
1001967	122
1001983	123
1001999	124
1002016	125
1002032	126
1002048	127
1002065	128
1002081	129
1002098	130
1002114	131
1002130	132
1002147	133
1002164	134
1002180	135
1002197	136
1002213	137
1002230	138
1002247	139
1002263	140
1002280	141
1002297	142
1002313	143
1002330	144
1002347	145
1002363	146
1002380	147
1002397	148
1002413	149
1002430	150
1002447	151
1002463	152
1002480	153
1002496	154
1002513	155
1002529	156
1002546	157
1002563	158
1002580	159
1002597	160
1002613	161
1002630	162
1002647	163
1002665	164
1002682	165
1002699	166
1002716	167
1002734	168
1002751	169
1002769	170
1002786	171
1002804	172
1002821	173
1002839	174
1002857	175
1002874	176
1002876	88
1002885	89
1002901	90
1002917	91
1002933	92
1002949	93
1002966	94
1002982	95
1002998	96
1003014	97
1003030	98
1003047	99
1003063	100
1003079	101
1003095	102
1003111	103
1003127	104
1003144	105
1003160	106
1003176	107
1003192	108
1003208	109
1003224	110
1003241	111
1003257	112
1003273	113
1003289	114
1003305	115
1003322	116
1003338	117
1003354	118
1003370	119
1003386	120
1003402	121
1003419	122
1003435	123
1003451	124
1003467	125
1003483	126
1003500	127
1003516	128
1003532	129
1003549	130
1003565	131
1003582	132
1003598	133
1003615	134
1003632	135
1003648	136
1003665	137
1003682	138
1003698	139
1003715	140
1003732	141
1003748	142
1003765	143
1003781	144
1003798	145
1003814	146
1003830	147
1003845	73
1003873	74
1003889	75
1003905	76
1003922	77
1003938	78
1003954	79
1003970	80
1003986	81
1004002	82
1004018	83
1004034	84
1004050	85
1004066	86
1004083	87
1004099	88
1004115	89
1004131	90
1004147	91
1004163	92
1004179	93
1004196	94
1004212	95
1004228	96
1004244	97
1004260	98
1004276	99
1004293	100
1004309	101
1004325	102
1004341	103
1004357	104
1004374	105
1004390	106
1004406	107
1004422	108
1004438	109
1004454	110
1004471	111
1004487	112
1004503	113
1004519	114
1004535	115
1004552	116
1004568	117
1004584	118
1004600	119
1004616	120
1004632	121
1004649	122
1004665	123
1004681	124
1004697	125
1004713	126
1004730	127
1004746	128
1004763	129
1004779	130
1004796	131
1004813	132
1004829	133
1004846	134
1004863	135
1004880	136
1004896	137
1004913	138
1004930	139
1004947	140
1004964	141
1004981	142
1004997	143
1005014	144
1005031	145
1005047	146
1005064	147
1005080	148
1005097	149
1005113	150
1005130	151
1005146	152
1005162	153
1005178	154
1005195	155
1005211	156
1005228	157
1005245	158
1005262	159
1005278	160
1005295	161
1005312	162
1005329	163
1005346	164
1005364	165
1005381	166
1005398	167
1005415	168
1005433	169
1005450	170
1005468	171
1005485	172
1005503	173
1005520	174
1005538	175
1005556	176
1005574	177
1005574	88
1005582	89
1005589	90
1005606	91
1005622	92
1005638	93
1005654	94
1005670	95
1005687	96
1005703	97
1005719	98
1005735	99
1005751	100
1005767	101
1005784	102
1005800	103
1005816	104
1005832	105
1005848	106
1005864	107
1005881	108
1005897	109
1005913	110
1005929	111
1005945	112
1005962	113
1005978	114
1005994	115
1006010	116
1006026	117
1006042	118
1006059	119
1006075	120
1006091	121
1006107	122
1006123	123
1006139	124
1006156	125
1006172	126
1006188	127
1006204	128
1006221	129
1006237	130
1006253	131
1006270	132
1006286	133
1006302	134
1006319	135
1006335	136
1006352	137
1006368	138
1006385	139
1006401	140
1006418	141
1006434	142
1006451	143
1006467	144
1006484	145
1006500	146
1006517	147
1006533	148
1006550	149
1006566	150
1006583	151
1006599	152
1006616	153
1006632	154
1006649	155
1006665	156
1006682	157
1006698	158
1006715	159
1006732	160
1006749	161
1006766	162
1006783	163
1006800	164
1006810	82
1006848	83
1006864	84
1006880	85
1006896	86
1006912	87
1006928	88
1006944	89
1006960	90
1006976	91
1006992	92
1007008	93
1007025	94
1007041	95
1007057	96
1007073	97
1007089	98
1007105	99
1007121	100
1007137	101
1007153	102
1007170	103
1007186	104
1007202	105
1007218	106
1007234	107
1007250	108
1007267	109
1007283	110
1007299	111
1007315	112
1007331	113
1007348	114
1007364	115
1007380	116
1007396	117
1007412	118
1007429	119
1007445	120
1007461	121
1007477	122
1007493	123
1007509	124
1007526	125
1007542	126
1007558	127
1007574	128
1007590	129
1007607	130
1007623	131
1007639	132
1007656	133
1007672	134
1007689	135
1007705	136
1007722	137
1007738	138
1007755	139
1007771	140
1007788	141
1007805	142
1007821	143
1007838	144
1007855	145
1007871	146
1007888	147
1007905	148
1007922	149
1007938	150
1007955	151
1007971	152
1007988	153
1008004	154
1008021	155
1008037	156
1008054	157
1008070	158
1008087	159
1008104	160
1008121	161
1008138	162
1008155	163
1008172	164
1008189	165
1008206	166
1008224	167
1008241	168
1008258	169
1008276	170
1008293	171
1008311	172
1008328	173
1008346	174
1008363	175
1008381	176
1008399	177
1008400	88
1008406	89
1008414	90
1008430	91
1008446	92
1008462	93
1008478	94
1008494	95
1008511	96
1008527	97
1008543	98
1008559	99
1008575	100
1008591	101
1008607	102
1008624	103
1008640	104
1008656	105
1008672	106
1008688	107
1008704	108
1008720	109
1008736	110
1008753	111
1008769	112
1008785	113
1008801	114
1008817	115
1008833	116
1008849	117
1008865	118
1008882	119
1008898	120
1008914	121
1008930	122
1008946	123
1008962	124
1008978	125
1008994	126
1009010	127
1009027	128
1009043	129
1009059	130
1009075	131
1009092	132
1009108	133
1009125	134
1009141	135
1009158	136
1009174	137
1009191	138
1009207	139
1009224	140
1009240	141
1009257	142
1009274	143
1009290	144
1009307	145
1009324	146
1009340	147
1009357	148
1009374	149
1009390	150
1009407	151
1009423	152
1009440	153
1009456	154
1009473	155
1009489	156
1009506	157
1009523	158
1009539	159
1009556	160
1009573	161
1009590	162
1009607	163
1009624	164
1009641	165
1009658	166
1009675	167
1009692	168
1009710	169
1009726	84
1009759	85
1009776	86
1009792	87
1009808	88
1009824	89
1009840	90
1009857	91
1009873	92
1009889	93
1009905	94
1009921	95
1009937	96
1009954	97
1009970	98
1009986	99
