1000000	1
1000008	2
1000016	3
1000024	4
1000032	5
1000040	6
1000048	7
1000056	8
1000064	9
1000072	10
1000088	11
1000096	12
1000104	13
1000112	14
1000120	15
1000129	16
1000137	17
1000145	18
1000153	19
1000161	20
1000169	21
1000177	22
1000185	23
1000193	24
1000201	25
1000209	26
1000217	27
1000226	28
1000234	29
1000242	30
1000250	31
1000258	32
1000266	33
1000274	34
1000282	35
1000290	36
1000298	37
1000306	38
1000314	39
1000323	40
1000331	41
1000339	42
1000347	43
1000355	44
1000363	45
1000371	46
1000379	47
1000387	48
1000395	49
1000403	50
1000411	51
1000420	52
1000428	53
1000436	54
1000444	55
1000452	56
1000460	57
1000468	58
1000476	59
1000484	60
1000492	61
1000500	62
1000508	63
1000517	64
1000525	65
1000533	66
1000541	67
1000549	68
1000557	69
1000565	70
1000573	71
1000581	72
1000589	73
1000597	74
1000605	75
1000614	76
1000622	77
1000630	78
1000638	79
1000646	80
1000654	81
1000662	82
1000670	83
1000678	84
1000686	85
1000694	86
1000702	87
1000711	88
1000719	89
1000727	90
1000735	91
1000743	92
1000751	93
1000759	94
1000767	95
1000775	96
1000783	97
1000792	98
1000800	99
1000808	100
1000816	101
1000824	102
1000832	103
1000840	104
1000848	105
1000856	106
1000864	107
1000872	108
1000881	109
1000889	110
1000897	111
1000905	112
1000913	113
1000921	114
1000929	115
1000937	116
1000945	117
1000953	118
1000962	119
1000970	120
1000978	121
1000986	122
1000994	123
1001002	124
1001010	125
1001018	126
1001026	127
1001035	128
1001043	129
1001051	130
1001059	131
1001067	132
1001075	133
1001083	134
1001091	135
1001099	136
1001108	137
1001116	138
1001124	139
1001132	140
1001140	141
1001148	142
1001156	143
1001164	144
1001172	145
1001180	146
1001189	147
1001197	148
1001205	149
1001213	150
1001221	151
1001229	152
1001237	153
1001245	154
1001253	155
1001261	156
1001270	157
1001278	158
1001286	159
1001294	160
1001302	161
1001310	162
1001318	163
1001326	164
1001334	165
1001343	166
1001351	167
1001359	168
1001367	169
1001375	170
1001383	171
1001391	172
1001399	173
1001407	174
1001416	175
1001424	176
1001432	177
1001440	178
1001448	179
1001456	180
1001464	181
1001472	182
1001480	183
1001488	184
1001497	185
1001505	186
1001513	187
1001521	188
1001529	189
1001537	190
1001545	191
1001553	192
1001561	193
1001569	194
1001577	195
1001586	196
1001594	197
1001602	198
1001610	199
1001618	200
1001626	201
1001634	202
1001642	203
1001650	204
1001658	205
1001666	206
1001674	207
1001683	208
1001691	209
1001699	210
1001707	211
1001715	212
1001723	213
1001731	214
1001739	215
1001747	216
1001755	217
1001763	218
1001772	219
1001780	220
1001788	221
1001796	222
1001804	223
1001812	224
1001820	225
1001828	226
1001836	227
1001844	228
1001853	229
1001861	230
1001869	231
1001877	232
1001885	233
1001893	234
1001901	235
1001909	236
1001917	237
1001925	238
1001933	239
1001942	240
1001950	241
1001958	242
1001966	243
1001974	244
1001982	245
1001990	246
1001998	247
1002006	248
1002014	249
1002023	250
1002031	251
1002039	252
1002047	253
1002055	254
1002064	255
1002072	256
1002080	257
1002088	258
1002096	259
1002105	260
1002113	261
1002121	262
1002129	263
1002138	264
1002146	265
1002154	266
1002163	267
1002171	268
1002179	269
1002188	270
1002196	271
1002204	272
1002212	273
1002221	274
1002229	275
1002238	276
1002246	277
1002254	278
1002263	279
1002271	280
1002279	281
1002288	282
1002296	283
1002305	284
1002313	285
1002321	286
1002330	287
1002338	288
1002347	289
1002355	290
1002364	291
1002372	292
1002380	293
1002389	294
1002397	295
1002405	296
1002414	297
1002422	298
1002431	299
1002439	300
1002447	301
1002456	302
1002464	303
1002472	304
1002481	305
1002489	306
1002498	307
1002506	308
1002515	309
1002523	310
1002532	311
1002540	312
1002549	313
1002558	314
1002566	315
1002575	316
1002584	317
1002593	318
1002602	319
1002611	320
1002620	321
1002628	322
1002637	323
1002646	324
1002655	325
1002664	326
1002673	327
1002683	328
1002692	329
1002701	330
1002710	331
1002719	332
1002728	333
1002738	334
1002747	335
1002757	336
1002766	337
1002776	338
1002785	339
1002794	340
1002804	341
1002813	342
1002823	343
1002833	344
1002842	345
1002852	346
1002862	347
1002871	348
1002872	174
1002878	175
1002886	176
1002894	177
1002902	178
1002910	179
1002918	180
1002926	181
1002935	182
1002943	183
1002951	184
1002959	185
1002967	186
1002975	187
1002983	188
1002991	189
1002999	190
1003007	191
1003016	192
1003024	193
1003032	194
1003040	195
1003048	196
1003056	197
1003064	198
1003072	199
1003080	200
1003088	201
1003096	202
1003105	203
1003113	204
1003121	205
1003129	206
1003137	207
1003145	208
1003153	209
1003161	210
1003169	211
1003177	212
1003185	213
1003194	214
1003202	215
1003210	216
1003218	217
1003226	218
1003234	219
1003242	220
1003250	221
1003258	222
1003266	223
1003274	224
1003283	225
1003291	226
1003299	227
1003307	228
1003315	229
1003323	230
1003331	231
1003339	232
1003347	233
1003355	234
1003363	235
1003372	236
1003380	237
1003388	238
1003396	239
1003404	240
1003412	241
1003420	242
1003428	243
1003436	244
1003444	245
1003452	246
1003460	247
1003469	248
1003477	249
1003485	250
1003493	251
1003501	252
1003509	253
1003518	254
1003526	255
1003534	256
1003542	257
1003551	258
1003559	259
1003567	260
1003575	261
1003584	262
1003592	263
1003600	264
1003609	265
1003617	266
1003625	267
1003634	268
1003642	269
1003650	270
1003659	271
1003667	272
1003675	273
1003684	274
1003692	275
1003700	276
1003709	277
1003717	278
1003725	279
1003734	280
1003742	281
1003751	282
1003759	283
1003768	284
1003776	285
1003784	286
1003793	287
1003801	288
1003810	289
1003818	290
1003827	291
1003835	292
1003841	146
1003866	147
1003874	148
1003882	149
1003890	150
1003898	151
1003906	152
1003914	153
1003922	154
1003930	155
1003939	156
1003947	157
1003955	158
1003963	159
1003971	160
1003979	161
1003987	162
1003995	163
1004003	164
1004011	165
1004019	166
1004027	167
1004036	168
1004044	169
1004052	170
1004060	171
1004068	172
1004076	173
1004084	174
1004092	175
1004100	176
1004108	177
1004116	178
1004124	179
1004133	180
1004141	181
1004149	182
1004157	183
1004165	184
1004173	185
1004181	186
1004189	187
1004197	188
1004205	189
1004213	190
1004221	191
1004230	192
1004238	193
1004246	194
1004254	195
1004262	196
1004270	197
1004278	198
1004286	199
1004294	200
1004302	201
1004310	202
1004318	203
1004327	204
1004335	205
1004343	206
1004351	207
1004359	208
1004367	209
1004375	210
1004383	211
1004391	212
1004399	213
1004407	214
1004415	215
1004424	216
1004432	217
1004440	218
1004448	219
1004456	220
1004464	221
1004472	222
1004480	223
1004488	224
1004496	225
1004504	226
1004512	227
1004521	228
1004529	229
1004537	230
1004545	231
1004553	232
1004561	233
1004569	234
1004577	235
1004585	236
1004593	237
1004601	238
1004610	239
1004618	240
1004626	241
1004634	242
1004642	243
1004650	244
1004658	245
1004666	246
1004674	247
1004682	248
1004690	249
1004699	250
1004707	251
1004715	252
1004723	253
1004731	254
1004740	255
1004748	256
1004756	257
1004764	258
1004773	259
1004781	260
1004789	261
1004798	262
1004806	263
1004814	264
1004823	265
1004831	266
1004840	267
1004848	268
1004856	269
1004865	270
1004873	271
1004882	272
1004890	273
1004898	274
1004907	275
1004915	276
1004924	277
1004932	278
1004941	279
1004949	280
1004958	281
1004966	282
1004975	283
1004983	284
1004992	285
1005000	286
1005009	287
1005017	288
1005026	289
1005034	290
1005043	291
1005051	292
1005060	293
1005068	294
1005077	295
1005085	296
1005094	297
1005102	298
1005111	299
1005119	300
1005128	301
1005136	302
1005145	303
1005153	304
1005161	305
1005170	306
1005178	307
1005187	308
1005195	309
1005204	310
1005213	311
1005221	312
1005230	313
1005239	314
1005247	315
1005256	316
1005265	317
1005274	318
1005282	319
1005291	320
1005300	321
1005309	322
1005318	323
1005327	324
1005336	325
1005345	326
1005354	327
1005363	328
1005372	329
1005382	330
1005391	331
1005400	332
1005409	333
1005419	334
1005428	335
1005437	336
1005447	337
1005456	338
1005466	339
1005475	340
1005485	341
1005494	342
1005504	343
1005513	344
1005523	345
1005533	346
1005542	347
1005552	348
1005562	349
1005570	174
1005574	175
1005584	176
1005592	177
1005601	178
1005609	179
1005617	180
1005625	181
1005633	182
1005641	183
1005649	184
1005657	185
1005665	186
1005673	187
1005681	188
1005690	189
1005698	190
1005706	191
1005714	192
1005722	193
1005730	194
1005738	195
1005746	196
1005754	197
1005762	198
1005770	199
1005779	200
1005787	201
1005795	202
1005803	203
1005811	204
1005819	205
1005827	206
1005835	207
1005843	208
1005851	209
1005859	210
1005867	211
1005876	212
1005884	213
1005892	214
1005900	215
1005908	216
1005916	217
1005924	218
1005932	219
1005940	220
1005948	221
1005957	222
1005965	223
1005973	224
1005981	225
1005989	226
1005997	227
1006005	228
1006013	229
1006021	230
1006029	231
1006037	232
1006046	233
1006054	234
1006062	235
1006070	236
1006078	237
1006086	238
1006094	239
1006102	240
1006110	241
1006118	242
1006127	243
1006135	244
1006143	245
1006151	246
1006159	247
1006167	248
1006175	249
1006183	250
1006191	251
1006199	252
1006207	253
1006216	254
1006224	255
1006232	256
1006240	257
1006248	258
1006256	259
1006265	260
1006273	261
1006281	262
1006289	263
1006298	264
1006306	265
1006314	266
1006322	267
1006331	268
1006339	269
1006347	270
1006355	271
1006363	272
1006372	273
1006380	274
1006388	275
1006396	276
1006405	277
1006413	278
1006421	279
1006430	280
1006438	281
1006446	282
1006454	283
1006463	284
1006471	285
1006479	286
1006487	287
1006496	288
1006504	289
1006512	290
1006520	291
1006529	292
1006537	293
1006545	294
1006554	295
1006562	296
1006570	297
1006579	298
1006587	299
1006595	300
1006603	301
1006612	302
1006620	303
1006629	304
1006637	305
1006646	306
1006654	307
1006663	308
1006671	309
1006680	310
1006688	311
1006697	312
1006705	313
1006714	314
1006723	315
1006732	316
1006740	317
1006749	318
1006758	319
1006767	320
1006776	321
1006785	322
1006794	323
1006803	324
1006805	162
1006840	163
1006848	164
1006856	165
1006864	166
1006873	167
1006881	168
1006889	169
1006897	170
1006905	171
1006913	172
1006921	173
1006929	174
1006937	175
1006945	176
1006953	177
1006962	178
1006970	179
1006978	180
1006986	181
1006994	182
1007002	183
1007010	184
1007018	185
1007026	186
1007034	187
1007042	188
1007050	189
1007059	190
1007067	191
1007075	192
1007083	193
1007091	194
1007099	195
1007107	196
1007115	197
1007123	198
1007131	199
1007139	200
1007148	201
1007156	202
1007164	203
1007172	204
1007180	205
1007188	206
1007196	207
1007204	208
1007212	209
1007220	210
1007229	211
1007237	212
1007245	213
1007253	214
1007261	215
1007269	216
1007277	217
1007285	218
1007293	219
1007301	220
1007309	221
1007318	222
1007326	223
1007334	224
1007342	225
1007350	226
1007358	227
1007366	228
1007374	229
1007382	230
1007390	231
1007398	232
1007407	233
1007415	234
1007423	235
1007431	236
1007439	237
1007447	238
1007455	239
1007463	240
1007471	241
1007479	242
1007488	243
1007496	244
1007504	245
1007512	246
1007520	247
1007528	248
1007536	249
1007544	250
1007552	251
1007560	252
1007569	253
1007577	254
1007585	255
1007593	256
1007601	257
1007609	258
1007617	259
1007626	260
1007634	261
1007642	262
1007650	263
1007658	264
1007667	265
1007675	266
1007683	267
1007691	268
1007700	269
1007708	270
1007716	271
1007724	272
1007733	273
1007741	274
1007749	275
1007758	276
1007766	277
1007774	278
1007783	279
1007791	280
1007799	281
1007808	282
1007816	283
1007824	284
1007833	285
1007841	286
1007850	287
1007858	288
1007866	289
1007875	290
1007883	291
1007891	292
1007900	293
1007908	294
1007917	295
1007925	296
1007934	297
1007942	298
1007951	299
1007959	300
1007967	301
1007976	302
1007984	303
1007992	304
1008001	305
1008009	306
1008018	307
1008026	308
1008035	309
1008043	310
1008052	311
1008061	312
1008069	313
1008078	314
1008087	315
1008095	316
1008104	317
1008113	318
1008122	319
1008131	320
1008140	321
1008148	322
1008157	323
1008166	324
1008175	325
1008185	326
1008194	327
1008203	328
1008212	329
1008221	330
1008231	331
1008240	332
1008249	333
1008258	334
1008268	335
1008277	336
1008286	337
1008296	338
1008305	339
1008315	340
1008324	341
1008334	342
1008344	343
1008353	344
1008363	345
1008373	346
1008382	347
1008392	348
1008395	174
1008402	175
1008410	176
1008418	177
1008426	178
1008434	179
1008442	180
1008450	181
1008458	182
1008467	183
1008475	184
1008483	185
1008491	186
1008499	187
1008507	188
1008515	189
1008523	190
1008531	191
1008539	192
1008547	193
1008556	194
1008564	195
1008572	196
1008580	197
1008588	198
1008596	199
1008604	200
1008612	201
1008620	202
1008628	203
1008637	204
1008645	205
1008653	206
1008661	207
1008669	208
1008677	209
1008685	210
1008693	211
1008701	212
1008710	213
1008718	214
1008726	215
1008734	216
1008742	217
1008750	218
1008758	219
1008766	220
1008774	221
1008782	222
1008790	223
1008799	224
1008807	225
1008815	226
1008823	227
1008831	228
1008839	229
1008847	230
1008855	231
1008863	232
1008871	233
1008880	234
1008888	235
1008896	236
1008904	237
1008912	238
1008920	239
1008928	240
1008936	241
1008944	242
1008952	243
1008960	244
1008969	245
1008977	246
1008985	247
1008993	248
1009001	249
1009009	250
1009017	251
1009025	252
1009033	253
1009042	254
1009050	255
1009058	256
1009066	257
1009074	258
1009082	259
1009091	260
1009099	261
1009107	262
1009115	263
1009124	264
1009132	265
1009140	266
1009148	267
1009157	268
1009165	269
1009173	270
1009182	271
1009190	272
1009198	273
1009207	274
1009215	275
1009223	276
1009231	277
1009240	278
1009248	279
1009257	280
1009265	281
1009273	282
1009281	283
1009290	284
1009298	285
1009307	286
1009315	287
1009323	288
1009332	289
1009340	290
1009348	291
1009357	292
1009365	293
1009374	294
1009382	295
1009391	296
1009399	297
1009407	298
1009415	299
1009424	300
1009432	301
1009441	302
1009449	303
1009458	304
1009466	305
1009474	306
1009483	307
1009491	308
1009500	309
1009508	310
1009517	311
1009526	312
1009534	313
1009543	314
1009552	315
1009561	316
1009569	317
1009578	318
1009587	319
1009596	320
1009605	321
1009614	322
1009623	323
1009632	324
1009641	325
1009650	326
1009659	327
1009668	328
1009677	329
1009686	330
1009696	331
1009705	332
1009714	333
1009721	166
1009755	167
1009763	168
1009771	169
1009779	170
1009787	171
1009795	172
1009803	173
1009812	174
1009820	175
1009828	176
1009836	177
1009844	178
1009852	179
1009860	180
1009868	181
1009876	182
1009884	183
1009892	184
1009900	185
1009909	186
1009917	187
1009925	188
1009933	189
1009941	190
1009949	191
1009957	192
1009965	193
1009973	194
1009981	195
1009989	196
1009998	197
