1000000	0
1000010	0
1000020	0
1000030	0
1000040	0
1000050	0
1000060	0
1000070	0
1000080	0
1000090	0
1000100	0
1000110	0
1000120	0
1000130	0
1000140	0
1000150	0
1000160	0
1000170	0
1000180	0
1000190	0
1000200	0
1000210	0
1000220	0
1000230	0
1000240	0
1000250	0
1000260	0
1000270	0
1000280	0
1000290	0
1000300	0
1000310	0
1000320	0
1000330	0
1000340	0
1000350	0
1000360	0
1000370	0
1000380	0
1000390	0
1000400	0
1000410	0
1000420	0
1000430	0
1000440	0
1000450	0
1000460	0
1000470	0
1000480	0
1000490	0
1000500	0
1000510	0
1000520	0
1000530	0
1000540	0
1000550	0
1000560	0
1000570	0
1000580	0
1000590	0
1000600	0
1000610	0
1000620	0
1000630	0
1000640	0
1000650	0
1000660	0
1000670	0
1000680	0
1000690	0
1000700	0
1000710	0
1000720	0
1000730	4
1000740	0
1000750	0
1000760	0
1000770	0
1000780	0
1000790	0
1000800	0
1000810	1
1000820	0
1000830	0
1000840	0
1000850	0
1000860	0
1000870	0
1000880	0
1000890	0
1000900	0
1000910	0
1000920	0
1000930	0
1000940	4
1000950	0
1000960	0
1000970	0
1000980	0
1000990	0
1001000	0
1001010	0
1001020	1
1001030	0
1001040	0
1001050	0
1001060	0
1001070	4
1001080	0
1001090	0
1001100	1
1001110	0
1001120	0
1001130	0
1001140	0
1001150	1
1001160	0
1001170	0
1001180	1
1001190	0
1001200	0
1001210	0
1001220	0
1001230	1
1001240	0
1001250	0
1001260	1
1001270	0
1001280	1
1001290	0
1001300	0
1001310	1
1001320	0
1001330	0
1001340	0
1001350	0
1001360	1
1001370	0
1001380	0
1001390	1
1001400	0
1001410	4
1001420	0
1001430	0
1001440	1
1001450	0
1001460	0
1001470	0
1001480	0
1001490	1
1001500	0
1001510	0
1001520	1
1001530	0
1001540	0
1001550	0
1001560	0
1001570	0
1001580	0
1001590	0
1001600	0
1001610	0
1001620	1
1001630	0
1001640	0
1001650	0
1001660	0
1001670	0
1001680	0
1001690	0
1001700	3
1001710	0
1001720	0
1001730	0
1001740	0
1001750	0
1001760	0
1001770	0
1001780	0
1001790	1
1001800	0
1001810	1
1001820	0
1001830	0
1001840	0
1001850	0
1001860	0
1001870	0
1001880	0
1001890	1
1001900	0
1001910	1
1001920	4
1001930	0
1001940	0
1001950	0
1001960	0
1001970	0
1001980	0
1001990	5
1002000	1
1002010	0
1002020	7
1002030	0
1002040	5
1002050	13
1002060	0
1002070	13
1002080	1
1002090	3
1002100	16
1002110	0
1002120	18
1002130	3
1002140	4
1002150	20
1002160	0
1002170	21
1002180	5
1002190	5
1002200	22
1002210	0
1002220	27
1002230	6
1002240	9
1002250	24
1002260	0
1002270	29
1002280	6
1002290	15
1002300	24
1002310	0
1002320	28
1002330	7
1002340	19
1002350	16
1002360	7
1002370	29
1002380	6
1002390	21
1002400	9
1002410	16
1002420	27
1002430	3
1002440	21
1002450	5
1002460	18
1002470	20
1002480	9
1002490	22
1002500	14
1002510	23
1002520	26
1002530	21
1002540	27
1002550	24
1002560	30
1002570	34
1002580	30
1002590	34
1002600	33
1002610	37
1002620	41
1002630	38
1002640	42
1002650	40
1002660	46
1002670	46
1002680	50
1002690	53
1002700	48
1002710	53
1002720	51
1002730	56
1002740	57
1002750	62
1002760	62
1002770	59
1002780	64
1002790	61
1002800	68
1002810	68
1002820	72
1002830	74
1002840	71
1002850	73
1002860	72
1002870	76
1002880	2
1002890	0
1002900	0
1002910	0
1002920	0
1002930	3
1002940	4
1002950	0
1002960	1
1002970	0
1002980	0
1002990	0
1003000	0
1003010	1
1003020	1
1003030	0
1003040	0
1003050	0
1003060	2
1003070	5
1003080	0
1003090	0
1003100	0
1003110	0
1003120	0
1003130	0
1003140	3
1003150	4
1003160	0
1003170	0
1003180	0
1003190	0
1003200	4
1003210	0
1003220	1
1003230	2
1003240	0
1003250	0
1003260	0
1003270	1
1003280	5
1003290	0
1003300	0
1003310	1
1003320	0
1003330	4
1003340	0
1003350	1
1003360	3
1003370	0
1003380	0
1003390	0
1003400	0
1003410	5
1003420	0
1003430	0
1003440	3
1003450	0
1003460	4
1003470	1
1003480	2
1003490	10
1003500	0
1003510	12
1003520	2
1003530	0
1003540	18
1003550	0
1003560	18
1003570	9
1003580	0
1003590	23
1003600	0
1003610	20
1003620	11
1003630	0
1003640	25
1003650	0
1003660	21
1003670	11
1003680	0
1003690	26
1003700	0
1003710	23
1003720	12
1003730	8
1003740	28
1003750	0
1003760	26
1003770	11
1003780	15
1003790	31
1003800	0
1003810	26
1003820	10
1003830	18
1003840	316
1003850	105
1003860	0
1003870	1
1003880	0
1003890	0
1003900	1
1003910	0
1003920	0
1003930	0
1003940	0
1003950	1
1003960	0
1003970	0
1003980	1
1003990	0
1004000	0
1004010	0
1004020	0
1004030	0
1004040	0
1004050	0
1004060	0
1004070	0
1004080	0
1004090	0
1004100	0
1004110	0
1004120	0
1004130	0
1004140	0
1004150	0
1004160	0
1004170	5
1004180	0
1004190	0
1004200	0
1004210	0
1004220	0
1004230	0
1004240	0
1004250	3
1004260	0
1004270	1
1004280	0
1004290	0
1004300	0
1004310	0
1004320	0
1004330	2
1004340	0
1004350	0
1004360	0
1004370	0
1004380	4
1004390	0
1004400	0
1004410	0
1004420	0
1004430	0
1004440	0
1004450	0
1004460	3
1004470	0
1004480	0
1004490	0
1004500	0
1004510	5
1004520	0
1004530	0
1004540	3
1004550	0
1004560	5
1004570	0
1004580	0
1004590	4
1004600	0
1004610	0
1004620	0
1004630	0
1004640	6
1004650	0
1004660	0
1004670	3
1004680	0
1004690	5
1004700	2
1004710	0
1004720	12
1004730	0
1004740	13
1004750	8
1004760	0
1004770	22
1004780	0
1004790	18
1004800	14
1004810	0
1004820	28
1004830	0
1004840	22
1004850	16
1004860	5
1004870	34
1004880	0
1004890	24
1004900	14
1004910	14
1004920	34
1004930	0
1004940	29
1004950	10
1004960	19
1004970	29
1004980	0
1004990	31
1005000	9
1005010	24
1005020	20
1005030	7
1005040	35
1005050	8
1005060	25
1005070	13
1005080	17
1005090	37
1005100	5
1005110	27
1005120	14
1005130	19
1005140	22
1005150	2
1005160	26
1005170	11
1005180	21
1005190	22
1005200	15
1005210	25
1005220	24
1005230	26
1005240	29
1005250	27
1005260	33
1005270	35
1005280	33
1005290	39
1005300	37
1005310	40
1005320	43
1005330	41
1005340	46
1005350	46
1005360	50
1005370	48
1005380	51
1005390	52
1005400	52
1005410	56
1005420	56
1005430	59
1005440	63
1005450	62
1005460	63
1005470	63
1005480	67
1005490	67
1005500	69
1005510	73
1005520	72
1005530	75
1005540	73
1005550	76
1005560	77
1005570	80
1005580	1
1005590	2
1005600	0
1005610	1
1005620	0
1005630	2
1005640	0
1005650	0
1005660	3
1005670	0
1005680	0
1005690	0
1005700	0
1005710	3
1005720	6
1005730	0
1005740	1
1005750	0
1005760	0
1005770	0
1005780	0
1005790	3
1005800	4
1005810	0
1005820	1
1005830	0
1005840	1
1005850	2
1005860	0
1005870	0
1005880	2
1005890	0
1005900	1
1005910	0
1005920	3
1005930	5
1005940	0
1005950	0
1005960	0
1005970	0
1005980	0
1005990	0
1006000	3
1006010	4
1006020	0
1006030	0
1006040	0
1006050	1
1006060	5
1006070	0
1006080	1
1006090	0
1006100	0
1006110	0
1006120	0
1006130	6
1006140	3
1006150	0
1006160	1
1006170	0
1006180	0
1006190	3
1006200	0
1006210	6
1006220	7
1006230	0
1006240	9
1006250	0
1006260	14
1006270	12
1006280	0
1006290	11
1006300	1
1006310	9
1006320	14
1006330	0
1006340	13
1006350	0
1006360	6
1006370	15
1006380	0
1006390	14
1006400	0
1006410	3
1006420	15
1006430	0
1006440	18
1006450	3
1006460	0
1006470	17
1006480	1
1006490	19
1006500	4
1006510	9
1006520	11
1006530	6
1006540	20
1006550	4
1006560	14
1006570	4
1006580	13
1006590	17
1006600	3
1006610	17
1006620	10
1006630	17
1006640	20
1006650	16
1006660	23
1006670	20
1006680	26
1006690	26
1006700	25
1006710	29
1006720	29
1006730	34
1006740	35
1006750	31
1006760	37
1006770	37
1006780	42
1006790	46
1006800	244
1006810	439
1006820	211
1006830	0
1006840	0
1006850	1
1006860	0
1006870	0
1006880	0
1006890	0
1006900	3
1006910	0
1006920	0
1006930	0
1006940	0
1006950	0
1006960	0
1006970	0
1006980	0
1006990	0
1007000	0
1007010	0
1007020	0
1007030	1
1007040	0
1007050	0
1007060	0
1007070	0
1007080	0
1007090	0
1007100	0
1007110	3
1007120	0
1007130	0
1007140	1
1007150	0
1007160	5
1007170	0
1007180	0
1007190	0
1007200	0
1007210	0
1007220	1
1007230	0
1007240	4
1007250	0
1007260	0
1007270	1
1007280	0
1007290	0
1007300	0
1007310	0
1007320	1
1007330	0
1007340	0
1007350	1
1007360	0
1007370	4
1007380	1
1007390	0
1007400	0
1007410	0
1007420	0
1007430	0
1007440	0
1007450	4
1007460	0
1007470	0
1007480	1
1007490	0
1007500	5
1007510	0
1007520	0
1007530	1
1007540	0
1007550	0
1007560	0
1007570	0
1007580	7
1007590	4
1007600	0
1007610	8
1007620	0
1007630	13
1007640	8
1007650	0
1007660	11
1007670	0
1007680	13
1007690	11
1007700	0
1007710	17
1007720	0
1007730	16
1007740	14
1007750	3
1007760	20
1007770	0
1007780	18
1007790	10
1007800	13
1007810	24
1007820	0
1007830	21
1007840	9
1007850	16
1007860	19
1007870	0
1007880	22
1007890	8
1007900	21
1007910	14
1007920	1
1007930	23
1007940	4
1007950	22
1007960	9
1007970	13
1007980	22
1007990	6
1008000	21
1008010	16
1008020	18
1008030	26
1008040	20
1008050	27
1008060	25
1008070	27
1008080	30
1008090	29
1008100	33
1008110	34
1008120	37
1008130	38
1008140	36
1008150	41
1008160	40
1008170	45
1008180	50
1008190	44
1008200	49
1008210	47
1008220	52
1008230	54
1008240	56
1008250	57
1008260	54
1008270	58
1008280	58
1008290	64
1008300	67
1008310	68
1008320	68
1008330	66
1008340	68
1008350	69
1008360	73
1008370	77
1008380	77
1008390	80
1008400	0
1008410	0
1008420	1
1008430	0
1008440	0
1008450	0
1008460	0
1008470	4
1008480	3
1008490	0
1008500	1
1008510	0
1008520	3
1008530	0
1008540	0
1008550	2
1008560	0
1008570	0
1008580	0
1008590	0
1008600	4
1008610	4
1008620	0
1008630	2
1008640	0
1008650	0
1008660	0
1008670	0
1008680	4
1008690	2
1008700	0
1008710	1
1008720	0
1008730	3
1008740	6
1008750	0
1008760	1
1008770	1
1008780	0
1008790	0
1008800	0
1008810	2
1008820	4
1008830	0
1008840	0
1008850	0
1008860	0
1008870	0
1008880	0
1008890	0
1008900	4
1008910	0
1008920	2
1008930	0
1008940	1
1008950	4
1008960	0
1008970	1
1008980	0
1008990	0
1009000	0
1009010	0
1009020	5
1009030	5
1009040	0
1009050	8
1009060	0
1009070	3
1009080	11
1009090	0
1009100	13
1009110	2
1009120	0
1009130	17
1009140	0
1009150	17
1009160	5
1009170	0
1009180	19
1009190	0
1009200	20
1009210	8
1009220	0
1009230	24
1009240	0
1009250	22
1009260	11
1009270	3
1009280	25
1009290	0
1009300	22
1009310	11
1009320	14
1009330	27
1009340	0
1009350	23
1009360	8
1009370	17
1009380	24
1009390	0
1009400	21
1009410	8
1009420	20
1009430	17
1009440	0
1009450	21
1009460	10
1009470	21
1009480	23
1009490	14
1009500	25
1009510	20
1009520	28
1009530	30
1009540	25
1009550	32
1009560	31
1009570	35
1009580	38
1009590	34
1009600	39
1009610	39
1009620	42
1009630	43
1009640	46
1009650	47
1009660	45
1009670	51
1009680	50
1009690	55
1009700	59
1009710	54
1009720	396
1009730	442
1009740	154
1009750	8
1009760	0
1009770	0
1009780	0
1009790	0
1009800	3
1009810	0
1009820	0
1009830	0
1009840	0
1009850	4
1009860	0
1009870	0
1009880	4
1009890	0
1009900	0
1009910	0
1009920	0
1009930	3
1009940	0
1009950	0
1009960	4
1009970	0
1009980	5
1009990	0
