1000000	1
1000008	2
1000016	3
1000024	4
1000032	5
1000040	6
1000048	7
1000057	8
1000065	9
1000073	10
1000089	11
1000097	12
1000105	13
1000113	14
1000121	15
1000129	16
1000137	17
1000146	18
1000154	19
1000162	20
1000170	21
1000179	22
1000187	23
1000195	24
1000203	25
1000211	26
1000220	27
1000228	28
1000236	29
1000244	30
1000252	31
1000261	32
1000269	33
1000277	34
1000285	35
1000293	36
1000301	37
1000309	38
1000318	39
1000326	40
1000334	41
1000342	42
1000350	43
1000358	44
1000366	45
1000374	46
1000382	47
1000390	48
1000398	49
1000406	50
1000415	51
1000423	52
1000431	53
1000439	54
1000447	55
1000455	56
1000463	57
1000471	58
1000479	59
1000487	60
1000495	61
1000503	62
1000512	63
1000520	64
1000528	65
1000536	66
1000544	67
1000552	68
1000560	69
1000568	70
1000576	71
1000584	72
1000592	73
1000600	74
1000609	75
1000617	76
1000625	77
1000633	78
1000641	79
1000649	80
1000657	81
1000665	82
1000673	83
1000681	84
1000689	85
1000697	86
1000706	87
1000714	88
1000722	89
1000730	90
1000738	91
1000746	92
1000754	93
1000762	94
1000770	95
1000778	96
1000786	97
1000794	98
1000803	99
1000811	100
1000819	101
1000827	102
1000835	103
1000843	104
1000851	105
1000859	106
1000867	107
1000875	108
1000883	109
1000891	110
1000899	111
1000908	112
1000916	113
1000924	114
1000932	115
1000940	116
1000948	117
1000956	118
1000964	119
1000972	120
1000980	121
1000988	122
1000996	123
1001005	124
1001013	125
1001021	126
1001029	127
1001037	128
1001045	129
1001053	130
1001061	131
1001069	132
1001077	133
1001085	134
1001093	135
1001102	136
1001110	137
1001118	138
1001126	139
1001134	140
1001142	141
1001150	142
1001158	143
1001166	144
1001174	145
1001183	146
1001191	147
1001199	148
1001207	149
1001215	150
1001223	151
1001231	152
1001239	153
1001247	154
1001255	155
1001264	156
1001272	157
1001280	158
1001288	159
1001296	160
1001304	161
1001312	162
1001320	163
1001328	164
1001337	165
1001345	166
1001353	167
1001361	168
1001369	169
1001377	170
1001385	171
1001393	172
1001401	173
1001409	174
1001418	175
1001426	176
1001434	177
1001442	178
1001450	179
1001458	180
1001466	181
1001474	182
1001482	183
1001491	184
1001499	185
1001507	186
1001515	187
1001523	188
1001531	189
1001539	190
1001547	191
1001555	192
1001563	193
1001572	194
1001580	195
1001588	196
1001596	197
1001604	198
1001613	199
1001621	200
1001630	201
1001638	202
1001647	203
1001655	204
1001664	205
1001672	206
1001681	207
1001690	208
1001699	209
1001707	210
1001716	211
1001725	212
1001734	213
1001743	214
1001752	215
1001761	216
1001770	217
1001780	218
1001789	219
1001798	220
1001807	221
1001817	222
1001826	223
1001836	224
1001845	225
1001855	226
1001864	227
1001874	228
1001883	229
1001893	230
1001903	231
1001913	232
1001922	233
1001928	116
1001939	117
1001947	118
1001956	119
1001964	120
1001972	121
1001980	122
1001988	123
1001996	124
1002004	125
1002012	126
1002020	127
1002028	128
1002036	129
1002044	130
1002053	131
1002061	132
1002069	133
1002077	134
1002085	135
1002093	136
1002101	137
1002109	138
1002117	139
1002125	140
1002133	141
1002141	142
1002150	143
1002158	144
1002166	145
1002174	146
1002182	147
1002190	148
1002198	149
1002206	150
1002214	151
1002222	152
1002230	153
1002238	154
1002247	155
1002255	156
1002263	157
1002271	158
1002279	159
1002287	160
1002295	161
1002303	162
1002311	163
1002319	164
1002327	165
1002335	166
1002343	167
1002352	168
1002360	169
1002368	170
1002376	171
1002384	172
1002392	173
1002400	174
1002408	175
1002416	176
1002424	177
1002432	178
1002440	179
1002449	180
1002457	181
1002465	182
1002473	183
1002481	184
1002489	185
1002497	186
1002505	187
1002513	188
1002521	189
1002529	190
1002538	191
1002546	192
1002554	193
1002562	194
1002571	195
1002579	196
1002588	197
1002596	198
1002605	199
1002613	200
1002622	201
1002631	202
1002639	203
1002648	204
1002657	205
1002666	206
1002675	207
1002684	208
1002692	209
1002701	210
1002711	211
1002720	212
1002729	213
1002738	214
1002747	215
1002757	216
1002766	217
1002775	218
1002785	219
1002794	220
1002804	221
1002813	222
1002823	223
1002832	224
1002842	225
1002852	226
1002862	227
1002871	228
1002878	114
1002890	115
1002898	116
1002906	117
1002915	118
1002923	119
1002931	120
1002939	121
1002947	122
1002955	123
1002963	124
1002971	125
1002979	126
1002987	127
1002995	128
1003003	129
1003012	130
1003020	131
1003028	132
1003036	133
1003044	134
1003052	135
1003060	136
1003068	137
1003076	138
1003084	139
1003092	140
1003100	141
1003109	142
1003117	143
1003125	144
1003133	145
1003141	146
1003149	147
1003157	148
1003165	149
1003173	150
1003181	151
1003189	152
1003198	153
1003206	154
1003214	155
1003222	156
1003230	157
1003238	158
1003246	159
1003254	160
1003262	161
1003271	162
1003279	163
1003287	164
1003295	165
1003303	166
1003311	167
1003319	168
1003327	169
1003335	170
1003343	171
1003352	172
1003360	173
1003368	174
1003376	175
1003384	176
1003392	177
1003400	178
1003408	179
1003416	180
1003425	181
1003433	182
1003441	183
1003449	184
1003457	185
1003465	186
1003473	187
1003481	188
1003489	189
1003498	190
1003506	191
1003514	192
1003523	193
1003531	194
1003539	195
1003548	196
1003556	197
1003565	198
1003573	199
1003582	200
1003591	201
1003600	202
1003608	203
1003617	204
1003626	205
1003635	206
1003644	207
1003653	208
1003662	209
1003671	210
1003680	211
1003689	212
1003699	213
1003708	214
1003717	215
1003726	216
1003736	217
1003745	218
1003755	219
1003764	220
1003774	221
1003783	222
1003793	223
1003803	224
1003813	225
1003822	226
1003832	227
1003837	113
1003849	114
1003857	115
1003865	116
1003873	117
1003881	118
1003890	119
1003898	120
1003906	121
1003914	122
1003922	123
1003930	124
1003938	125
1003946	126
1003954	127
1003962	128
1003970	129
1003978	130
1003987	131
1003995	132
1004003	133
1004011	134
1004019	135
1004027	136
1004035	137
1004043	138
1004051	139
1004059	140
1004067	141
1004075	142
1004084	143
1004092	144
1004100	145
1004108	146
1004116	147
1004124	148
1004132	149
1004140	150
1004148	151
1004156	152
1004164	153
1004172	154
1004181	155
1004189	156
1004197	157
1004205	158
1004213	159
1004221	160
1004229	161
1004237	162
1004245	163
1004253	164
1004261	165
1004269	166
1004278	167
1004286	168
1004294	169
1004302	170
1004310	171
1004318	172
1004326	173
1004334	174
1004342	175
1004350	176
1004358	177
1004366	178
1004375	179
1004383	180
1004391	181
1004399	182
1004407	183
1004415	184
1004423	185
1004431	186
1004439	187
1004447	188
1004456	189
1004464	190
1004472	191
1004481	192
1004489	193
1004497	194
1004506	195
1004515	196
1004523	197
1004532	198
1004540	199
1004549	200
1004558	201
1004567	202
1004575	203
1004584	204
1004593	205
1004602	206
1004611	207
1004620	208
1004629	209
1004639	210
1004648	211
1004657	212
1004666	213
1004676	214
1004685	215
1004694	216
1004704	217
1004713	218
1004723	219
1004733	220
1004742	221
1004752	222
1004762	223
1004771	224
1004781	225
1004787	112
1004799	113
1004807	114
1004815	115
1004823	116
1004831	117
1004839	118
1004847	119
1004855	120
1004864	121
1004872	122
1004880	123
1004888	124
1004896	125
1004904	126
1004912	127
1004920	128
1004928	129
1004936	130
1004944	131
1004952	132
1004961	133
1004969	134
1004977	135
1004985	136
1004993	137
1005001	138
1005009	139
1005017	140
1005025	141
1005033	142
1005041	143
1005049	144
1005058	145
1005066	146
1005074	147
1005082	148
1005090	149
1005098	150
1005106	151
1005114	152
1005122	153
1005130	154
1005139	155
1005147	156
1005155	157
1005163	158
1005171	159
1005179	160
1005187	161
1005195	162
1005203	163
1005212	164
1005220	165
1005228	166
1005236	167
1005244	168
1005252	169
1005260	170
1005268	171
1005276	172
1005284	173
1005293	174
1005301	175
1005309	176
1005317	177
1005325	178
1005333	179
1005341	180
1005349	181
1005357	182
1005366	183
1005374	184
1005382	185
1005390	186
1005398	187
1005406	188
1005414	189
1005423	190
1005431	191
1005439	192
1005448	193
1005456	194
1005465	195
1005473	196
1005482	197
1005491	198
1005499	199
1005508	200
1005517	201
1005526	202
1005535	203
1005544	204
1005552	205
1005561	206
1005571	207
1005580	208
1005589	209
1005598	210
1005607	211
1005616	212
1005626	213
1005635	214
1005644	215
1005654	216
1005663	217
1005673	218
1005682	219
1005692	220
1005702	221
1005711	222
1005721	223
1005731	224
1005741	225
1005747	112
1005759	113
1005767	114
1005775	115
1005783	116
1005791	117
1005799	118
1005807	119
1005815	120
1005823	121
1005831	122
1005840	123
1005848	124
1005856	125
1005864	126
1005872	127
1005880	128
1005888	129
1005896	130
1005904	131
1005912	132
1005920	133
1005928	134
1005937	135
1005945	136
1005953	137
1005961	138
1005969	139
1005977	140
1005985	141
1005993	142
1006001	143
1006009	144
1006017	145
1006025	146
1006033	147
1006042	148
1006050	149
1006058	150
1006066	151
1006074	152
1006082	153
1006090	154
1006098	155
1006106	156
1006114	157
1006122	158
1006130	159
1006139	160
1006147	161
1006155	162
1006163	163
1006171	164
1006179	165
1006187	166
1006195	167
1006203	168
1006211	169
1006219	170
1006227	171
1006236	172
1006244	173
1006252	174
1006260	175
1006268	176
1006276	177
1006284	178
1006292	179
1006300	180
1006308	181
1006316	182
1006324	183
1006333	184
1006341	185
1006349	186
1006357	187
1006365	188
1006373	189
1006382	190
1006390	191
1006399	192
1006407	193
1006415	194
1006424	195
1006433	196
1006441	197
1006450	198
1006459	199
1006467	200
1006476	201
1006485	202
1006494	203
1006503	204
1006512	205
1006521	206
1006530	207
1006539	208
1006548	209
1006557	210
1006567	211
1006576	212
1006585	213
1006595	214
1006604	215
1006613	216
1006623	217
1006632	218
1006642	219
1006652	220
1006661	221
1006671	222
1006681	223
1006691	224
1006697	112
1006710	113
1006718	114
1006726	115
1006734	116
1006742	117
1006750	118
1006758	119
1006766	120
1006775	121
1006783	122
1006791	123
1006799	124
1006807	125
1006815	126
1006823	127
1006831	128
1006839	129
1006847	130
1006855	131
1006863	132
1006872	133
1006880	134
1006888	135
1006896	136
1006904	137
1006912	138
1006920	139
1006928	140
1006936	141
1006944	142
1006952	143
1006960	144
1006969	145
1006977	146
1006985	147
1006993	148
1007001	149
1007009	150
1007017	151
1007025	152
1007033	153
1007041	154
1007050	155
1007058	156
1007066	157
1007074	158
1007082	159
1007090	160
1007098	161
1007106	162
1007114	163
1007123	164
1007131	165
1007139	166
1007147	167
1007155	168
1007163	169
1007171	170
1007179	171
1007187	172
1007195	173
1007204	174
1007212	175
1007220	176
1007228	177
1007236	178
1007244	179
1007252	180
1007260	181
1007268	182
1007277	183
1007285	184
1007293	185
1007301	186
1007309	187
1007317	188
1007325	189
1007334	190
1007342	191
1007350	192
1007359	193
1007367	194
1007376	195
1007384	196
1007393	197
1007402	198
1007410	199
1007419	200
1007428	201
1007437	202
1007446	203
1007455	204
1007463	205
1007472	206
1007482	207
1007491	208
1007500	209
1007509	210
1007518	211
1007527	212
1007537	213
1007546	214
1007555	215
1007565	216
1007574	217
1007584	218
1007593	219
1007603	220
1007613	221
1007622	222
1007632	223
1007642	224
1007652	225
1007657	112
1007669	113
1007677	114
1007685	115
1007693	116
1007701	117
1007709	118
1007717	119
1007725	120
1007733	121
1007742	122
1007750	123
1007758	124
1007766	125
1007774	126
1007782	127
1007790	128
1007798	129
1007806	130
1007814	131
1007822	132
1007830	133
1007839	134
1007847	135
1007855	136
1007863	137
1007871	138
1007879	139
1007887	140
1007895	141
1007903	142
1007911	143
1007919	144
1007927	145
1007936	146
1007944	147
1007952	148
1007960	149
1007968	150
1007976	151
1007984	152
1007992	153
1008000	154
1008008	155
1008016	156
1008024	157
1008033	158
1008041	159
1008049	160
1008057	161
1008065	162
1008073	163
1008081	164
1008089	165
1008097	166
1008105	167
1008113	168
1008121	169
1008130	170
1008138	171
1008146	172
1008154	173
1008162	174
1008170	175
1008178	176
1008186	177
1008194	178
1008202	179
1008210	180
1008218	181
1008227	182
1008235	183
1008243	184
1008251	185
1008259	186
1008267	187
1008275	188
1008284	189
1008292	190
1008300	191
1008309	192
1008317	193
1008326	194
1008334	195
1008343	196
1008351	197
1008360	198
1008369	199
1008377	200
1008386	201
1008395	202
1008404	203
1008413	204
1008422	205
1008431	206
1008440	207
1008449	208
1008458	209
1008467	210
1008477	211
1008486	212
1008495	213
1008505	214
1008514	215
1008524	216
1008533	217
1008543	218
1008552	219
1008562	220
1008572	221
1008581	222
1008591	223
1008601	224
1008607	112
1008620	113
1008628	114
1008636	115
1008644	116
1008652	117
1008660	118
1008668	119
1008676	120
1008684	121
1008693	122
1008701	123
1008709	124
1008717	125
1008725	126
1008733	127
1008741	128
1008749	129
1008757	130
1008765	131
1008773	132
1008781	133
1008790	134
1008798	135
1008806	136
1008814	137
1008822	138
1008830	139
1008838	140
1008846	141
1008854	142
1008862	143
1008870	144
1008878	145
1008887	146
1008895	147
1008903	148
1008911	149
1008919	150
1008927	151
1008935	152
1008943	153
1008951	154
1008960	155
1008968	156
1008976	157
1008984	158
1008992	159
1009000	160
1009008	161
1009016	162
1009024	163
1009032	164
1009041	165
1009049	166
1009057	167
1009065	168
1009073	169
1009081	170
1009089	171
1009097	172
1009105	173
1009113	174
1009122	175
1009130	176
1009138	177
1009146	178
1009154	179
1009162	180
1009170	181
1009178	182
1009186	183
1009195	184
1009203	185
1009211	186
1009219	187
1009227	188
1009235	189
1009244	190
1009252	191
1009260	192
1009269	193
1009277	194
1009286	195
1009294	196
1009303	197
1009312	198
1009320	199
1009329	200
1009338	201
1009347	202
1009356	203
1009364	204
1009373	205
1009382	206
1009391	207
1009401	208
1009410	209
1009419	210
1009428	211
1009437	212
1009447	213
1009456	214
1009465	215
1009475	216
1009484	217
1009494	218
1009503	219
1009513	220
1009523	221
1009532	222
1009542	223
1009552	224
1009562	225
1009567	112
1009579	113
1009587	114
1009595	115
1009603	116
1009611	117
1009619	118
1009627	119
1009635	120
1009643	121
1009651	122
1009659	123
1009668	124
1009676	125
1009684	126
1009692	127
1009700	128
1009708	129
1009716	130
1009724	131
1009732	132
1009740	133
1009748	134
1009756	135
1009765	136
1009773	137
1009781	138
1009789	139
1009797	140
1009805	141
1009813	142
1009821	143
1009829	144
1009837	145
1009845	146
1009853	147
1009862	148
1009870	149
1009878	150
1009886	151
1009894	152
1009902	153
1009910	154
1009918	155
1009926	156
1009934	157
1009942	158
1009950	159
1009959	160
1009967	161
1009975	162
1009983	163
1009991	164
1009999	165
