1000000	1
1000008	2
1000016	3
1000024	4
1000032	5
1000040	6
1000048	7
1000056	8
1000064	9
1000072	10
1000088	11
1000096	12
1000104	13
1000112	14
1000120	15
1000129	16
1000137	17
1000145	18
1000153	19
1000161	20
1000169	21
1000177	22
1000185	23
1000193	24
1000201	25
1000209	26
1000217	27
1000226	28
1000234	29
1000242	30
1000250	31
1000258	32
1000266	33
1000274	34
1000282	17
1000282	18
1000290	19
1000298	20
1000306	21
1000314	22
1000322	23
1000330	24
1000339	25
1000347	26
1000355	27
1000363	28
1000371	29
1000379	30
1000387	31
1000395	32
1000403	33
1000411	34
1000419	35
1000427	36
1000436	37
1000444	38
1000452	39
1000460	40
1000468	41
1000476	42
1000484	43
1000492	44
1000500	45
1000508	46
1000516	47
1000524	48
1000533	49
1000541	50
1000549	51
1000557	52
1000565	53
1000573	54
1000581	55
1000589	56
1000597	57
1000605	58
1000613	59
1000621	60
1000630	61
1000638	62
1000646	63
1000654	64
1000662	65
1000670	66
1000678	67
1000686	68
1000694	69
1000702	70
1000710	71
1000718	72
1000727	73
1000735	74
1000743	75
1000751	76
1000759	77
1000767	78
1000775	79
1000783	80
1000791	81
1000799	82
1000807	83
1000815	84
1000824	85
1000832	86
1000840	87
1000848	88
1000856	89
1000864	90
1000872	91
1000880	92
1000888	93
1000896	94
1000904	95
1000912	96
1000921	97
1000929	98
1000937	99
1000945	100
1000953	101
1000961	102
1000969	103
1000977	104
1000985	105
1000993	106
1001001	107
1001009	108
1001018	109
1001026	110
1001034	111
1001042	112
1001050	113
1001058	114
1001066	115
1001074	116
1001082	117
1001090	118
1001098	119
1001106	120
1001115	121
1001123	122
1001131	123
1001139	124
1001147	125
1001155	126
1001163	127
1001171	128
1001179	129
1001187	130
1001195	131
1001203	132
1001212	133
1001220	134
1001228	135
1001236	136
1001244	137
1001252	138
1001260	139
1001268	140
1001276	141
1001284	142
1001292	143
1001300	144
1001309	145
1001317	146
1001325	147
1001333	148
1001341	149
1001349	150
1001357	151
1001365	152
1001373	153
1001381	154
1001389	155
1001397	156
1001406	157
1001414	158
1001422	159
1001430	160
1001438	161
1001446	162
1001454	163
1001462	164
1001470	165
1001478	166
1001486	167
1001494	168
1001503	169
1001511	170
1001519	171
1001527	172
1001535	173
1001543	174
1001551	175
1001559	176
1001567	177
1001575	178
1001584	179
1001592	180
1001600	181
1001608	182
1001617	183
1001625	184
1001634	185
1001642	186
1001651	187
1001659	188
1001668	189
1001676	190
1001685	191
1001694	192
1001703	193
1001712	194
1001720	195
1001729	196
1001738	197
1001747	198
1001756	199
1001766	200
1001775	201
1001784	202
1001793	203
1001802	204
1001812	205
1001821	206
1001831	207
1001840	208
1001849	209
1001859	210
1001869	211
1001878	212
1001888	213
1001898	214
1001907	215
1001917	216
1001923	108
1001935	109
1001944	110
1001952	111
1001960	112
1001968	113
1001976	114
1001984	115
1001992	116
1002000	117
1002008	118
1002016	119
1002024	120
1002032	121
1002041	122
1002049	123
1002057	124
1002065	125
1002073	126
1002081	127
1002089	128
1002097	129
1002105	130
1002113	131
1002121	132
1002129	133
1002138	134
1002146	135
1002154	136
1002162	137
1002170	138
1002178	139
1002186	140
1002194	141
1002202	142
1002210	143
1002219	144
1002227	145
1002235	146
1002243	147
1002251	148
1002259	149
1002267	150
1002275	151
1002283	152
1002291	153
1002300	154
1002308	155
1002316	156
1002324	157
1002332	158
1002340	159
1002348	160
1002356	161
1002364	162
1002373	163
1002381	164
1002389	165
1002397	166
1002405	167
1002413	168
1002421	169
1002429	170
1002437	171
1002445	172
1002454	173
1002462	174
1002470	175
1002478	176
1002486	177
1002494	178
1002502	179
1002510	180
1002518	181
1002527	182
1002535	183
1002543	184
1002551	185
1002559	186
1002568	187
1002576	188
1002585	189
1002593	190
1002602	191
1002610	192
1002619	193
1002627	194
1002636	195
1002645	196
1002654	197
1002662	198
1002671	199
1002680	200
1002689	201
1002698	202
1002707	203
1002716	204
1002725	205
1002735	206
1002744	207
1002753	208
1002762	209
1002772	210
1002781	211
1002791	212
1002800	213
1002810	214
1002819	215
1002829	216
1002838	217
1002848	218
1002858	219
1002868	220
1002877	221
1002883	110
1002894	111
1002902	112
1002910	113
1002919	114
1002927	115
1002935	116
1002943	117
1002951	118
1002959	119
1002967	120
1002975	121
1002983	122
1002991	123
1002999	124
1003007	125
1003016	126
1003024	127
1003032	128
1003040	129
1003048	130
1003056	131
1003064	132
1003072	133
1003080	134
1003088	135
1003096	136
1003104	137
1003113	138
1003121	139
1003129	140
1003137	141
1003145	142
1003153	143
1003161	144
1003169	145
1003177	146
1003185	147
1003193	148
1003201	149
1003210	150
1003218	151
1003226	152
1003234	153
1003242	154
1003250	155
1003258	156
1003266	157
1003274	158
1003282	159
1003290	160
1003298	161
1003307	162
1003315	163
1003323	164
1003331	165
1003339	166
1003347	167
1003355	168
1003363	169
1003371	170
1003379	171
1003387	172
1003395	173
1003403	174
1003412	175
1003420	176
1003428	177
1003436	178
1003444	179
1003452	180
1003460	181
1003468	182
1003476	183
1003484	184
1003493	185
1003501	186
1003509	187
1003517	188
1003526	189
1003534	190
1003543	191
1003551	192
1003560	193
1003568	194
1003577	195
1003586	196
1003594	197
1003603	198
1003612	199
1003621	200
1003630	201
1003638	202
1003647	203
1003656	204
1003666	205
1003675	206
1003684	207
1003693	208
1003702	209
1003711	210
1003721	211
1003730	212
1003740	213
1003749	214
1003759	215
1003768	216
1003778	217
1003787	218
1003797	219
1003807	220
1003817	221
1003826	222
1003833	111
1003845	112
1003853	113
1003861	114
1003869	115
1003877	116
1003886	117
1003894	118
1003902	119
1003910	120
1003918	121
1003926	122
1003934	123
1003942	124
1003950	125
1003958	126
1003966	127
1003974	128
1003983	129
1003991	130
1003999	131
1004007	132
1004015	133
1004023	134
1004031	135
1004039	136
1004047	137
1004055	138
1004063	139
1004071	140
1004080	141
1004088	142
1004096	143
1004104	144
1004112	145
1004120	146
1004128	147
1004136	148
1004144	149
1004153	150
1004161	151
1004169	152
1004177	153
1004185	154
1004193	155
1004201	156
1004209	157
1004217	158
1004225	159
1004234	160
1004242	161
1004250	162
1004258	163
1004266	164
1004274	165
1004282	166
1004290	167
1004298	168
1004307	169
1004315	170
1004323	171
1004331	172
1004339	173
1004347	174
1004355	175
1004363	176
1004371	177
1004379	178
1004388	179
1004396	180
1004404	181
1004412	182
1004420	183
1004428	184
1004436	185
1004444	186
1004453	187
1004461	188
1004469	189
1004477	190
1004486	191
1004494	192
1004503	193
1004511	194
1004520	195
1004528	196
1004537	197
1004546	198
1004554	199
1004563	200
1004572	201
1004581	202
1004590	203
1004599	204
1004608	205
1004617	206
1004626	207
1004635	208
1004644	209
1004653	210
1004663	211
1004672	212
1004681	213
1004691	214
1004700	215
1004710	216
1004719	217
1004729	218
1004738	219
1004748	220
1004758	221
1004767	222
1004777	223
1004787	224
1004792	112
1004805	113
1004813	114
1004821	115
1004830	116
1004838	117
1004846	118
1004854	119
1004862	120
1004870	121
1004878	122
1004886	123
1004894	124
1004902	125
1004910	126
1004918	127
1004927	128
1004935	129
1004943	130
1004951	131
1004959	132
1004967	133
1004975	134
1004983	135
1004991	136
1004999	137
1005007	138
1005015	139
1005024	140
1005032	141
1005040	142
1005048	143
1005056	144
1005064	145
1005072	146
1005080	147
1005088	148
1005096	149
1005104	150
1005112	151
1005121	152
1005129	153
1005137	154
1005145	155
1005153	156
1005161	157
1005169	158
1005177	159
1005185	160
1005193	161
1005201	162
1005209	163
1005218	164
1005226	165
1005234	166
1005242	167
1005250	168
1005258	169
1005266	170
1005274	171
1005282	172
1005290	173
1005298	174
1005306	175
1005315	176
1005323	177
1005331	178
1005339	179
1005347	180
1005355	181
1005363	182
1005371	183
1005379	184
1005387	185
1005395	186
1005404	187
1005412	188
1005420	189
1005428	190
1005437	191
1005445	192
1005454	193
1005462	194
1005471	195
1005479	196
1005488	197
1005497	198
1005505	199
1005514	200
1005523	201
1005532	202
1005541	203
1005549	204
1005558	205
1005567	206
1005577	207
1005586	208
1005595	209
1005604	210
1005613	211
1005622	212
1005632	213
1005641	214
1005651	215
1005660	216
1005670	217
1005679	218
1005689	219
1005698	220
1005708	221
1005718	222
1005728	223
1005737	224
1005742	112
1005755	113
1005763	114
1005771	115
1005780	116
1005788	117
1005796	118
1005804	119
1005812	120
1005820	121
1005828	122
1005836	123
1005844	124
1005852	125
1005860	126
1005868	127
1005877	128
1005885	129
1005893	130
1005901	131
1005909	132
1005917	133
1005925	134
1005933	135
1005941	136
1005949	137
1005957	138
1005965	139
1005974	140
1005982	141
1005990	142
1005998	143
1006006	144
1006014	145
1006022	146
1006030	147
1006038	148
1006046	149
1006055	150
1006063	151
1006071	152
1006079	153
1006087	154
1006095	155
1006103	156
1006111	157
1006119	158
1006127	159
1006136	160
1006144	161
1006152	162
1006160	163
1006168	164
1006176	165
1006184	166
1006192	167
1006200	168
1006209	169
1006217	170
1006225	171
1006233	172
1006241	173
1006249	174
1006257	175
1006265	176
1006273	177
1006281	178
1006290	179
1006298	180
1006306	181
1006314	182
1006322	183
1006330	184
1006338	185
1006346	186
1006354	187
1006363	188
1006371	189
1006379	190
1006388	191
1006396	192
1006404	193
1006413	194
1006421	195
1006430	196
1006439	197
1006447	198
1006456	199
1006465	200
1006473	201
1006482	202
1006491	203
1006500	204
1006509	205
1006518	206
1006527	207
1006536	208
1006545	209
1006554	210
1006564	211
1006573	212
1006582	213
1006591	214
1006601	215
1006610	216
1006620	217
1006629	218
1006639	219
1006649	220
1006658	221
1006668	222
1006678	223
1006687	224
1006697	225
1006702	112
1006714	113
1006722	114
1006730	115
1006738	116
1006746	117
1006754	118
1006762	119
1006771	120
1006779	121
1006787	122
1006795	123
1006803	124
1006811	125
1006819	126
1006827	127
1006835	128
1006843	129
1006851	130
1006859	131
1006868	132
1006876	133
1006884	134
1006892	135
1006900	136
1006908	137
1006916	138
1006924	139
1006932	140
1006940	141
1006948	142
1006956	143
1006965	144
1006973	145
1006981	146
1006989	147
1006997	148
1007005	149
1007013	150
1007021	151
1007029	152
1007037	153
1007045	154
1007053	155
1007062	156
1007070	157
1007078	158
1007086	159
1007094	160
1007102	161
1007110	162
1007118	163
1007126	164
1007134	165
1007142	166
1007150	167
1007159	168
1007167	169
1007175	170
1007183	171
1007191	172
1007199	173
1007207	174
1007215	175
1007223	176
1007231	177
1007239	178
1007247	179
1007256	180
1007264	181
1007272	182
1007280	183
1007288	184
1007296	185
1007304	186
1007312	187
1007321	188
1007329	189
1007337	190
1007345	191
1007354	192
1007362	193
1007371	194
1007379	195
1007388	196
1007397	197
1007405	198
1007414	199
1007423	200
1007431	201
1007440	202
1007449	203
1007458	204
1007467	205
1007476	206
1007485	207
1007494	208
1007503	209
1007513	210
1007522	211
1007531	212
1007541	213
1007550	214
1007559	215
1007569	216
1007578	217
1007588	218
1007597	219
1007607	220
1007617	221
1007626	222
1007636	223
1007646	224
1007652	112
1007665	113
1007673	114
1007681	115
1007689	116
1007697	117
1007705	118
1007713	119
1007721	120
1007730	121
1007738	122
1007746	123
1007754	124
1007762	125
1007770	126
1007778	127
1007786	128
1007794	129
1007802	130
1007810	131
1007818	132
1007827	133
1007835	134
1007843	135
1007851	136
1007859	137
1007867	138
1007875	139
1007883	140
1007891	141
1007899	142
1007907	143
1007915	144
1007924	145
1007932	146
1007940	147
1007948	148
1007956	149
1007964	150
1007972	151
1007980	152
1007988	153
1007997	154
1008005	155
1008013	156
1008021	157
1008029	158
1008037	159
1008045	160
1008053	161
1008061	162
1008069	163
1008078	164
1008086	165
1008094	166
1008102	167
1008110	168
1008118	169
1008126	170
1008134	171
1008142	172
1008150	173
1008159	174
1008167	175
1008175	176
1008183	177
1008191	178
1008199	179
1008207	180
1008215	181
1008223	182
1008232	183
1008240	184
1008248	185
1008256	186
1008264	187
1008272	188
1008280	189
1008289	190
1008297	191
1008306	192
1008314	193
1008322	194
1008331	195
1008339	196
1008348	197
1008357	198
1008365	199
1008374	200
1008383	201
1008392	202
1008401	203
1008410	204
1008418	205
1008427	206
1008437	207
1008446	208
1008455	209
1008464	210
1008473	211
1008482	212
1008492	213
1008501	214
1008510	215
1008520	216
1008529	217
1008539	218
1008548	219
1008558	220
1008568	221
1008577	222
1008587	223
1008597	224
1008607	225
1008612	112
1008624	113
1008632	114
1008640	115
1008648	116
1008656	117
1008664	118
1008672	119
1008680	120
1008688	121
1008696	122
1008705	123
1008713	124
1008721	125
1008729	126
1008737	127
1008745	128
1008753	129
1008761	130
1008769	131
1008777	132
1008785	133
1008793	134
1008802	135
1008810	136
1008818	137
1008826	138
1008834	139
1008842	140
1008850	141
1008858	142
1008866	143
1008874	144
1008882	145
1008890	146
1008899	147
1008907	148
1008915	149
1008923	150
1008931	151
1008939	152
1008947	153
1008955	154
1008963	155
1008971	156
1008979	157
1008987	158
1008996	159
1009004	160
1009012	161
1009020	162
1009028	163
1009036	164
1009044	165
1009052	166
1009060	167
1009068	168
1009076	169
1009084	170
1009093	171
1009101	172
1009109	173
1009117	174
1009125	175
1009133	176
1009141	177
1009149	178
1009157	179
1009165	180
1009173	181
1009181	182
1009190	183
1009198	184
1009206	185
1009214	186
1009222	187
1009230	188
1009239	189
1009247	190
1009255	191
1009264	192
1009272	193
1009281	194
1009289	195
1009298	196
1009306	197
1009315	198
1009324	199
1009332	200
1009341	201
1009350	202
1009359	203
1009368	204
1009377	205
1009386	206
1009395	207
1009404	208
1009413	209
1009422	210
1009432	211
1009441	212
1009450	213
1009460	214
1009469	215
1009479	216
1009488	217
1009498	218
1009507	219
1009517	220
1009526	221
1009536	222
1009546	223
1009556	224
1009562	112
1009575	113
1009583	114
1009591	115
1009599	116
1009607	117
1009615	118
1009623	119
1009631	120
1009639	121
1009647	122
1009656	123
1009664	124
1009672	125
1009680	126
1009688	127
1009696	128
1009704	129
1009712	130
1009720	131
1009728	132
1009736	133
1009744	134
1009753	135
1009761	136
1009769	137
1009777	138
1009785	139
1009793	140
1009801	141
1009809	142
1009817	143
1009825	144
1009833	145
1009841	146
1009850	147
1009858	148
1009866	149
1009874	150
1009882	151
1009890	152
1009898	153
1009906	154
1009914	155
1009923	156
1009931	157
1009939	158
1009947	159
1009955	160
1009963	161
1009971	162
1009979	163
1009987	164
1009995	165
